#nu	n	k
898.666	1.54119	0.00042801
902.523	1.54118	0.00038246
906.38	1.541	0.00040294
910.237	1.54094	0.00039488
914.094	1.54085	0.00037618
917.95	1.54084	0.0003536
921.807	1.54082	0.0003278
925.664	1.54081	0.0003156
929.521	1.54084	0.00028804
933.378	1.54084	0.00032099
937.235	1.54084	0.00031952
941.092	1.54084	0.00033633
944.949	1.54087	0.00036991
948.806	1.54083	0.00040887
952.663	1.54078	0.00044517
956.52	1.54076	0.00043966
960.377	1.54073	0.00044863
964.234	1.54068	0.00044314
968.091	1.54065	0.00045241
971.948	1.54062	0.00043188
975.804	1.54052	0.00039329
979.661	1.54055	0.00034324
983.518	1.54054	0.00027772
987.375	1.54053	0.00024005
991.232	1.54061	0.00018819
995.089	1.54062	0.00017644
998.946	1.54068	0.0001743
1002.8	1.5407	0.0001892
1006.66	1.54073	0.00022698
1010.52	1.54072	0.00025522
1014.37	1.54074	0.00027914
1018.23	1.54071	0.00028447
1022.09	1.54068	0.00030539
1025.94	1.54067	0.00030134
1029.8	1.54064	0.00030709
1033.66	1.54061	0.00030649
1037.52	1.54057	0.00027764
1041.37	1.54054	0.00024089
1045.23	1.54051	0.00017639
1049.09	1.54056	0.00013155
1052.94	1.54056	7.972e-005
1056.8	1.54061	4.678e-005
1060.66	1.54065	2.414e-005
1064.51	1.54066	6.56e-006
1068.37	1.54075	4.52e-006
1072.23	1.54077	1.86e-006
1076.08	1.54081	3.15e-005
1079.94	1.54086	5.205e-005
1083.8	1.54083	9.191e-005
1087.66	1.54083	0.00012551
1091.51	1.54082	0.00013487
1095.37	1.54082	0.0001366
1099.23	1.54081	0.00012324
1103.08	1.54082	0.00011624
1106.94	1.5408	9.228e-005
1110.8	1.54081	7.841e-005
1114.65	1.54084	5.534e-005
1118.51	1.54084	3.409e-005
1122.37	1.54087	1.855e-005
1126.22	1.54091	0
1130.08	1.54097	7.19e-006
1133.94	1.54103	1.989e-005
1137.8	1.54105	5.403e-005
1141.65	1.54112	8.195e-005
1145.51	1.54112	0.00012699
1149.37	1.54114	0.0001768
1153.22	1.54114	0.00021147
1157.08	1.54112	0.00025829
1160.94	1.54113	0.00029061
1164.79	1.54108	0.00032397
1168.65	1.54108	0.00034385
1172.51	1.54107	0.00036836
1176.36	1.54104	0.0003735
1180.22	1.54101	0.00035023
1184.08	1.54101	0.00033782
1187.94	1.541	0.00032161
1191.79	1.54104	0.00032158
1195.65	1.54104	0.00031863
1199.51	1.54107	0.00033038
1203.36	1.54108	0.00035069
1207.22	1.54107	0.00037485
1211.08	1.54113	0.00041366
1214.93	1.54108	0.00045119
1218.79	1.54104	0.0004902
1222.65	1.54106	0.00050622
1226.51	1.54101	0.00053244
1230.36	1.54099	0.00054526
1234.22	1.54095	0.00054043
1238.08	1.54092	0.00053686
1241.93	1.54086	0.00051393
1245.79	1.54085	0.00049385
1249.65	1.54085	0.00045921
1253.5	1.54083	0.00043153
1257.36	1.54087	0.00041048
1261.22	1.54087	0.00039754
1265.07	1.54086	0.00038579
1268.93	1.54086	0.00037209
1272.79	1.54091	0.00037321
1276.65	1.54089	0.00036889
1280.5	1.54092	0.00038267
1284.36	1.54093	0.00039353
1288.22	1.54091	0.00040998
1292.07	1.54092	0.00042425
1295.93	1.54088	0.0004231
1299.79	1.54087	0.00042156
1303.64	1.54088	0.0004027
1307.5	1.54081	0.00038994
1311.36	1.5408	0.00035638
1315.21	1.54081	0.00031839
1319.07	1.54081	0.00027074
1322.93	1.54083	0.00022097
1326.79	1.54089	0.00019314
1330.64	1.54091	0.00016466
1334.5	1.54099	0.0001724
1338.36	1.541	0.00019304
1342.21	1.54104	0.00020191
1346.07	1.54107	0.00020463
1349.93	1.54106	0.00022886
1353.78	1.5411	0.00024824
1357.64	1.54113	0.00026467
1361.5	1.54111	0.00032192
1365.35	1.54108	0.0003319
1369.21	1.54108	0.00032069
1373.07	1.54105	0.00029896
1376.93	1.54105	0.00025182
1380.78	1.54107	0.00020386
1384.64	1.54113	0.0001788
1388.5	1.54116	0.00017692
1392.35	1.54121	0.0001595
1396.21	1.54127	0.00018172
1400.07	1.5413	0.00017101
1403.92	1.54136	0.0001655
1407.78	1.54141	0.00018251
1411.64	1.54146	0.00019087
1415.49	1.54156	0.00025939
1419.35	1.54158	0.00030871
1423.21	1.54164	0.00033849
1427.07	1.54165	0.00035628
1430.92	1.54177	0.000422
1434.78	1.54179	0.00051804
1438.64	1.54183	0.00054932
1442.49	1.54189	0.00058626
1446.35	1.54205	0.00063101
1450.21	1.54229	0.00074238
1454.06	1.54272	0.00099416
1457.92	1.54287	0.00209105
1461.78	1.54195	0.00321291
1465.64	1.54094	0.0028369
1469.49	1.54041	0.00267381
1473.35	1.53961	0.00253731
1477.21	1.53925	0.00128331
1481.06	1.53969	0.0006213
1484.92	1.54017	0.0005394
1488.78	1.54031	0.00057298
1492.63	1.54042	0.00056345
1496.49	1.54052	0.0005445
1500.35	1.54061	0.00054085
1504.2	1.54068	0.00058144
1508.06	1.54061	0.00064828
1511.92	1.5406	0.00055856
1515.78	1.54067	0.00052929
1519.63	1.54066	0.00059563
1523.49	1.54066	0.0005584
1527.35	1.54065	0.00048296
1531.2	1.54072	0.00043625
1535.06	1.54079	0.00046385
1538.92	1.5408	0.00056596
1542.77	1.54071	0.00054466
1546.63	1.54071	0.00043963
1550.49	1.5408	0.00041193
1554.34	1.54084	0.00048176
1558.2	1.54081	0.00058085
1562.06	1.54073	0.00049177
1565.92	1.54075	0.00041398
1569.77	1.54077	0.00042723
1573.63	1.54075	0.00042759
1577.49	1.54079	0.00040069
1581.34	1.54077	0.00034118
1585.2	1.54084	0.00031186
1589.06	1.54086	0.00031601
1592.91	1.54085	0.00030593
1596.77	1.54091	0.00030831
1600.63	1.54092	0.00028967
1604.48	1.54096	0.0002833
1608.34	1.54101	0.00028289
1612.2	1.54103	0.00028776
1616.06	1.54106	0.00033643
1619.91	1.54106	0.00034205
1623.77	1.54106	0.00035702
1627.63	1.54108	0.00033927
1631.48	1.54112	0.00034108
1635.34	1.54112	0.00042011
1639.2	1.54112	0.00038127
1643.05	1.54115	0.00036647
1646.91	1.54119	0.0004247
1650.77	1.54112	0.00048308
1654.62	1.54103	0.00045178
1658.48	1.54108	0.00034997
1662.34	1.54111	0.00034021
1666.2	1.54118	0.00036197
1670.05	1.54121	0.00038175
1673.91	1.54122	0.00039106
1677.77	1.54127	0.00037529
1681.62	1.5413	0.00045005
1685.48	1.54125	0.0005006
1689.34	1.54125	0.00044082
1693.19	1.54131	0.00045592
1697.05	1.54133	0.00057514
1700.91	1.54124	0.00061893
1704.77	1.54118	0.00056482
1708.62	1.54121	0.00051541
1712.48	1.54123	0.00053415
1716.34	1.54123	0.00061049
1720.19	1.54118	0.00056453
1724.05	1.5412	0.00049607
1727.91	1.54127	0.0005118
1731.76	1.54129	0.0005872
1735.62	1.54125	0.00061749
1739.48	1.54122	0.00058433
1743.33	1.54128	0.00058925
1747.19	1.54126	0.0006168
1751.05	1.54119	0.00061892
1754.91	1.54124	0.00058246
1758.76	1.54123	0.00058189
1762.62	1.54122	0.00059579
1766.48	1.5413	0.00060041
1770.33	1.54126	0.00066851
1774.19	1.54123	0.00066629
1778.05	1.54117	0.00063365
1781.9	1.54118	0.00063274
1785.76	1.54122	0.00061577
1789.62	1.54119	0.00063319
1793.47	1.54122	0.00063621
1797.33	1.54117	0.00061639
1801.19	1.54115	0.00060149
1805.05	1.5412	0.00057813
1808.9	1.54116	0.00056311
1812.76	1.54119	0.00054928
1816.62	1.54123	0.00053613
1820.47	1.54126	0.00053938
1824.33	1.54126	0.00057278
1828.19	1.54123	0.00060054
1832.04	1.54127	0.00058871
1835.9	1.5412	0.00056005
1839.76	1.54125	0.00056531
1843.61	1.5413	0.00059206
1847.47	1.54121	0.00057401
1851.33	1.54128	0.00054448
1855.19	1.54123	0.00053538
1859.04	1.54123	0.00051986
1862.9	1.54125	0.00050818
1866.76	1.54135	0.00053157
1870.61	1.54126	0.00051802
1874.47	1.54133	0.0004774
1878.33	1.54137	0.00047584
1882.18	1.54141	0.00047928
1886.04	1.54144	0.0005107
1889.9	1.54146	0.00055251
1893.75	1.54144	0.00056678
1897.61	1.54144	0.00056701
1901.47	1.54142	0.00056308
1905.33	1.54143	0.00057764
1909.18	1.54144	0.00058333
1913.04	1.54148	0.00058837
1916.9	1.54148	0.00061175
1920.75	1.54147	0.00061958
1924.61	1.54141	0.0006037
1928.47	1.54141	0.00058767
1932.32	1.54147	0.00058077
1936.18	1.54149	0.0005759
1940.04	1.54152	0.00058999
1943.9	1.54149	0.00060248
1947.75	1.54154	0.00060227
1951.61	1.54154	0.0006155
1955.47	1.54158	0.00064083
1959.32	1.54159	0.00066146
1963.18	1.54157	0.00068457
1967.04	1.54157	0.00070872
1970.89	1.54163	0.0007175
1974.75	1.54155	0.00073
1978.61	1.54156	0.00074496
1982.46	1.54161	0.00076088
1986.32	1.54158	0.00077477
1990.18	1.54157	0.00077673
1994.04	1.54155	0.00078181
1997.89	1.54155	0.00077858
2001.75	1.54155	0.00077439
2005.61	1.54158	0.00077198
2009.46	1.54163	0.00078891
2013.32	1.54162	0.00082924
2017.18	1.54154	0.00085872
2021.03	1.54158	0.00087082
2024.89	1.54157	0.00087384
2028.75	1.54156	0.0008829
2032.6	1.54151	0.0008848
2036.46	1.54152	0.00088407
2040.32	1.5415	0.00089069
2044.18	1.54152	0.00089026
2048.03	1.54147	0.00088623
2051.89	1.54147	0.00087477
2055.75	1.54141	0.0008616
2059.6	1.54144	0.00083997
2063.46	1.54145	0.00081664
2067.32	1.54142	0.00079261
2071.17	1.54144	0.00077244
2075.03	1.54148	0.00076483
2078.89	1.54151	0.00075797
2082.74	1.5415	0.00075846
2086.6	1.54149	0.00075997
2090.46	1.54156	0.00076488
2094.32	1.54156	0.00076722
2098.17	1.54153	0.00077003
2102.03	1.54157	0.00077852
2105.89	1.54153	0.00077923
2109.74	1.54152	0.00078499
2113.6	1.54158	0.000785
2117.46	1.54156	0.00078399
2121.31	1.54153	0.00077331
2125.17	1.54156	0.00075105
2129.03	1.54153	0.00073147
2132.88	1.54156	0.00070562
2136.74	1.54158	0.00068282
2140.6	1.54158	0.00067026
2144.46	1.54162	0.00066793
2148.31	1.54164	0.0006594
2152.17	1.54168	0.00065716
2156.03	1.5417	0.00067029
2159.88	1.54178	0.00069187
2163.74	1.54176	0.00072229
2167.6	1.54176	0.00073334
2171.45	1.54178	0.0007447
2175.31	1.54175	0.00076316
2179.17	1.54174	0.00077651
2183.02	1.54177	0.00077775
2186.88	1.54173	0.00076711
2190.74	1.54181	0.0007568
2194.6	1.54177	0.00074338
2198.45	1.54179	0.00073547
2202.31	1.54182	0.00072207
2206.17	1.54185	0.00070938
2210.02	1.54187	0.00071166
2213.88	1.54194	0.00072989
2217.74	1.54196	0.00075587
2221.59	1.54195	0.00077353
2225.45	1.54196	0.00079876
2229.31	1.54203	0.00082352
2233.17	1.54201	0.00086501
2237.02	1.54204	0.00091213
2240.88	1.54201	0.00093793
2244.74	1.54199	0.00096032
2248.59	1.54196	0.00096721
2252.45	1.54199	0.00096175
2256.31	1.54193	0.00096046
2260.16	1.54196	0.00095994
2264.02	1.54194	0.00095129
2267.88	1.54199	0.00094074
2271.73	1.54201	0.00093223
2275.59	1.54197	0.00092793
2279.45	1.54204	0.0009338
2283.31	1.54205	0.00094035
2287.16	1.54208	0.00096031
2291.02	1.54213	0.00098612
2294.88	1.54213	0.00101782
2298.73	1.54208	0.00104571
2302.59	1.54211	0.00106189
2306.45	1.54212	0.00108411
2310.3	1.5421	0.00111481
2314.16	1.5421	0.00115452
2318.02	1.54208	0.001163
2321.87	1.54207	0.00116496
2325.73	1.54204	0.00117256
2329.59	1.542	0.00117223
2333.45	1.54206	0.00118796
2337.3	1.54197	0.00118167
2341.16	1.54196	0.00120538
2345.02	1.54193	0.00115249
2348.87	1.54197	0.00105582
2352.73	1.54204	0.00106231
2356.59	1.54216	0.00117235
2360.44	1.54201	0.00125922
2364.3	1.542	0.00125306
2368.16	1.54195	0.00127072
2372.01	1.54182	0.00127012
2375.87	1.54176	0.00116702
2379.73	1.54181	0.0010674
2383.59	1.54184	0.00101542
2387.44	1.54186	0.00098892
2391.3	1.54189	0.00096576
2395.16	1.5419	0.00094014
2399.01	1.54191	0.00091325
2402.87	1.54191	0.00088611
2406.73	1.54198	0.00085887
2410.58	1.542	0.00084275
2414.44	1.54209	0.00083137
2418.3	1.54208	0.00082863
2422.15	1.54213	0.00083674
2426.01	1.54218	0.00083869
2429.87	1.54218	0.00084283
2433.73	1.54229	0.00085037
2437.58	1.54228	0.00086494
2441.44	1.54225	0.00087925
2445.3	1.54231	0.0008872
2449.15	1.54234	0.00088704
2453.01	1.54233	0.00088184
2456.87	1.54237	0.00088997
2460.72	1.54233	0.00088295
2464.58	1.54234	0.00086279
2468.44	1.5424	0.00084932
2472.29	1.54241	0.00083665
2476.15	1.54241	0.000818
2480.01	1.54247	0.00080394
2483.87	1.54254	0.00080496
2487.72	1.54259	0.00080721
2491.58	1.54265	0.00082332
2495.44	1.54267	0.00084785
2499.29	1.5427	0.00087751
2503.15	1.54271	0.00090758
2507.01	1.54276	0.00092693
2510.86	1.54274	0.00095352
2514.72	1.5428	0.00098152
2518.58	1.54278	0.00100501
2522.44	1.54277	0.00101241
2526.29	1.54277	0.00100269
2530.15	1.54274	0.00097869
2534.01	1.5428	0.00095432
2537.86	1.54283	0.00093501
2541.72	1.54288	0.00092148
2545.58	1.54294	0.00093745
2549.43	1.54295	0.00095068
2553.29	1.54299	0.00095236
2557.15	1.54303	0.00095116
2561	1.54306	0.00095723
2564.86	1.54317	0.00098358
2568.72	1.54318	0.00100349
2572.58	1.54317	0.00102338
2576.43	1.54325	0.00104696
2580.29	1.5432	0.00107025
2584.15	1.54325	0.00108889
2588	1.54333	0.00110354
2591.86	1.54331	0.00110847
2595.72	1.5433	0.00110923
2599.57	1.54335	0.00110253
2603.43	1.5434	0.0010792
2607.29	1.5434	0.00108422
2611.14	1.54347	0.00110512
2615	1.54353	0.00112134
2618.86	1.54351	0.00111506
2622.72	1.54358	0.00111099
2626.57	1.54364	0.0011527
2630.43	1.54369	0.00118538
2634.29	1.54375	0.00121323
2638.14	1.5437	0.00122503
2642	1.54372	0.00121947
2645.86	1.54378	0.00122436
2649.71	1.54383	0.00122898
2653.57	1.54389	0.00123706
2657.43	1.54393	0.0012365
2661.28	1.54393	0.00123909
2665.14	1.54391	0.0012298
2669	1.544	0.00121291
2672.86	1.54408	0.00118508
2676.71	1.54413	0.00113969
2680.57	1.5443	0.00112845
2684.43	1.5443	0.0011388
2688.28	1.54435	0.00115424
2692.14	1.54448	0.00115946
2696	1.54456	0.00116087
2699.85	1.54466	0.0011892
2703.71	1.54477	0.00123892
2707.57	1.54488	0.00127081
2711.43	1.54486	0.00127712
2715.28	1.54497	0.00129201
2719.14	1.54511	0.00130355
2723	1.54508	0.00132832
2726.85	1.54531	0.00136051
2730.71	1.54535	0.00137992
2734.57	1.54541	0.00139079
2738.42	1.54561	0.00139874
2742.28	1.54567	0.00142823
2746.14	1.5458	0.0014439
2749.99	1.54593	0.00144809
2753.85	1.54608	0.00146405
2757.71	1.5462	0.00149177
2761.57	1.54633	0.00152907
2765.42	1.54653	0.00156536
2769.28	1.54672	0.00160128
2773.14	1.5469	0.00163716
2776.99	1.54713	0.00170169
2780.85	1.54729	0.00176736
2784.71	1.5475	0.00182123
2788.56	1.5477	0.0018825
2792.42	1.54798	0.00195435
2796.28	1.54822	0.00203335
2800.13	1.5485	0.00209338
2803.99	1.54878	0.00216905
2807.85	1.54914	0.00224688
2811.71	1.54955	0.00231271
2815.56	1.55007	0.00240789
2819.42	1.55062	0.00252931
2823.28	1.55132	0.00268691
2827.13	1.55214	0.00288805
2830.99	1.55324	0.00319675
2834.85	1.55482	0.0037317
2838.7	1.55701	0.00490491
2842.56	1.55977	0.00752726
2846.42	1.56455	0.0127859
2850.27	1.55241	0.0354717
2854.13	1.5369	0.0186466
2857.99	1.53824	0.0102007
2861.85	1.54118	0.00678025
2865.7	1.54381	0.00520933
2869.56	1.54602	0.00455058
2873.42	1.54793	0.00442317
2877.27	1.5497	0.00468809
2881.13	1.55129	0.0052601
2884.99	1.55265	0.00601824
2888.84	1.55396	0.006806
2892.7	1.55533	0.00756426
2896.56	1.55689	0.00831596
2900.41	1.5591	0.00907269
2904.27	1.56216	0.010234
2908.13	1.56663	0.0120281
2911.99	1.57391	0.0148133
2915.84	1.59432	0.0201016
2919.7	1.58496	0.081593
2923.56	1.54819	0.081593
2927.41	1.52461	0.081593
2931.27	1.48563	0.081593
2935.13	1.47716	0.0134472
2938.98	1.50114	0.00846779
2942.84	1.51	0.00599405
2946.7	1.51551	0.00462005
2950.55	1.51934	0.00384985
2954.41	1.52215	0.00339581
2958.27	1.52428	0.00311217
2962.13	1.52599	0.00293415
2965.98	1.52732	0.00280584
2969.84	1.52841	0.00266669
2973.7	1.52942	0.0025436
2977.55	1.53024	0.0024508
2981.41	1.53098	0.00238963
2985.27	1.53166	0.0023609
2989.12	1.53223	0.00234872
2992.98	1.53269	0.00233873
2996.84	1.53319	0.00232613
3000.7	1.53361	0.00233535
3004.55	1.53395	0.00233868
3008.41	1.53427	0.00232737
3012.27	1.53459	0.00233329
3016.12	1.53481	0.00234665
3019.98	1.5351	0.00235345
3023.84	1.53537	0.00236011
3027.69	1.53555	0.00236947
3031.55	1.53576	0.00238511
3035.41	1.53595	0.00241039
3039.26	1.53607	0.00240936
3043.12	1.53631	0.00239143
3046.98	1.53639	0.00238718
3050.84	1.5366	0.0024097
3054.69	1.53672	0.00245612
3058.55	1.53681	0.00247351
3062.41	1.537	0.00247046
3066.26	1.53708	0.00248492
3070.12	1.53725	0.00251256
3073.98	1.53731	0.0025365
3077.83	1.53734	0.00253988
3081.69	1.53747	0.00252814
3085.55	1.53755	0.00253247
3089.4	1.53765	0.00256518
3093.26	1.53776	0.00257485
3097.12	1.53782	0.00256107
3100.98	1.53791	0.00258556
3104.83	1.53796	0.00261868
3108.69	1.53802	0.00262195
3112.55	1.53812	0.0026374
3116.4	1.53813	0.00264531
3120.26	1.53821	0.00266315
3124.12	1.53832	0.00271453
3127.97	1.5383	0.00272884
3131.83	1.53838	0.00273801
3135.69	1.53844	0.00274658
3139.54	1.53845	0.0027568
3143.4	1.53856	0.00278555
3147.26	1.53855	0.00278531
3151.12	1.53865	0.00280644
3154.97	1.5386	0.00282855
3158.83	1.53867	0.00282387
3162.69	1.53871	0.00283106
3166.54	1.53879	0.00285258
3170.4	1.53886	0.00287859
3174.26	1.53878	0.002904
3178.11	1.53889	0.00294073
3181.97	1.53883	0.00292664
3185.83	1.53894	0.00291102
3189.68	1.53904	0.00295654
3193.54	1.539	0.00300153
3197.4	1.53904	0.00304076
3201.26	1.53902	0.00304851
3205.11	1.53905	0.00304563
3208.97	1.53907	0.00305357
3212.83	1.53914	0.00306796
3216.68	1.53913	0.00310194
3220.54	1.53919	0.0031221
3224.4	1.53917	0.00313876
3228.25	1.53913	0.00314126
3232.11	1.53919	0.00313369
3235.97	1.53921	0.00315882
3239.82	1.53925	0.00317707
3243.68	1.53925	0.0031754
3247.54	1.53933	0.00319288
3251.4	1.53932	0.00321948
3255.25	1.53928	0.00324138
3259.11	1.53938	0.00326708
3262.97	1.53934	0.0032804
3266.82	1.53943	0.003278
3270.68	1.53947	0.00329835
3274.54	1.53947	0.0033465
3278.39	1.53944	0.00337762
3282.25	1.53949	0.00340154
3286.11	1.5395	0.00342881
3289.97	1.53948	0.00345075
3293.82	1.53957	0.00347906
3297.68	1.53953	0.00350114
3301.54	1.53952	0.00351199
3305.39	1.53957	0.00351983
3309.25	1.53958	0.003562
3313.11	1.53964	0.0036275
3316.96	1.53963	0.00366295
3320.82	1.53957	0.0036812
3324.68	1.53958	0.00370943
3328.53	1.53956	0.00373606
3332.39	1.53957	0.00374156
3336.25	1.53959	0.00377316
3340.11	1.53963	0.00381299
3343.96	1.53957	0.00382803
3347.82	1.53965	0.00384863
3351.68	1.53957	0.00387344
3355.53	1.53964	0.00391755
3359.39	1.53962	0.00396881
3363.25	1.5396	0.00401809
3367.1	1.53959	0.0040365
3370.96	1.53951	0.00405394
3374.82	1.53957	0.00408003
3378.67	1.53957	0.00406788
3382.53	1.53956	0.00410868
3386.39	1.53954	0.00416363
3390.25	1.53954	0.00418181
3394.1	1.5395	0.00418514
3397.96	1.5395	0.00420373
3401.82	1.53948	0.00425953
3405.67	1.53943	0.00427757
3409.53	1.53947	0.00430295
3413.39	1.53943	0.00432285
3417.24	1.5395	0.004355
3421.1	1.53938	0.00440059
3424.96	1.53933	0.00438144
3428.81	1.53939	0.00438745
3432.67	1.5393	0.00440176
3436.53	1.53938	0.00441479
3440.39	1.53939	0.00446113
3444.24	1.53933	0.00454693
3448.1	1.53929	0.00458408
3451.96	1.5392	0.00453192
3455.81	1.53923	0.00453524
3459.67	1.53925	0.00454045
3463.53	1.53912	0.00453562
3467.38	1.53924	0.00454329
3471.24	1.53916	0.00453832
3475.1	1.53917	0.00455571
3478.96	1.53919	0.00458273
3482.81	1.53915	0.00463572
3486.67	1.53921	0.00467153
3490.53	1.53914	0.00468294
3494.38	1.53913	0.00467316
3498.24	1.53915	0.0046946
3502.1	1.53914	0.00476743
3505.95	1.53914	0.00480509
3509.81	1.53902	0.00481056
3513.67	1.53906	0.00477007
3517.52	1.53907	0.00476513
3521.38	1.53908	0.0048312
3525.24	1.53907	0.00494273
3529.1	1.53892	0.00498595
3532.95	1.5389	0.00489976
3536.81	1.53895	0.00483772
3540.67	1.53899	0.00483548
3544.52	1.53905	0.00497348
3548.38	1.53897	0.00507212
3552.24	1.53887	0.00503781
3556.09	1.53892	0.00497842
3559.95	1.53907	0.00492978
3563.81	1.53914	0.00529133
3567.66	1.53883	0.0056289
3571.52	1.53854	0.00538575
3575.38	1.53845	0.00509557
3579.24	1.53869	0.00488392
3583.09	1.53897	0.0049707
3586.95	1.53897	0.00539608
3590.81	1.53881	0.00551493
3594.66	1.5387	0.00545023
3598.52	1.53859	0.00545352
3602.38	1.53872	0.00531468
3606.23	1.53887	0.00545
3610.09	1.53881	0.00574529
3613.95	1.53877	0.00583345
3617.8	1.53853	0.00601032
3621.66	1.53848	0.00576763
3625.52	1.53874	0.0059285
3629.38	1.53827	0.00666404
3633.23	1.53771	0.00629983
3637.09	1.53766	0.00574148
3640.95	1.53798	0.00534971
3644.8	1.53865	0.0056094
3648.66	1.53846	0.00676182
3652.52	1.53761	0.00677093
3656.37	1.53716	0.00626823
3660.23	1.53715	0.00571434
3664.09	1.53766	0.00525168
3667.94	1.53832	0.00557497
3671.8	1.53837	0.00650441
3675.66	1.53767	0.00720812
3679.52	1.53695	0.00656422
3683.37	1.53715	0.00584071
3687.23	1.53761	0.00639159
3691.09	1.53703	0.00689051
3694.94	1.53669	0.00635556
3698.8	1.5367	0.00611035
3702.66	1.53683	0.00600736
3706.51	1.53713	0.0059881
3710.37	1.53701	0.00659889
3714.23	1.53649	0.00659443
3718.08	1.53643	0.00602004
3721.94	1.53662	0.00604124
3725.8	1.53664	0.00590578
3729.66	1.53711	0.00583357
3733.51	1.53719	0.00655091
3737.37	1.53682	0.00667907
3741.23	1.53705	0.00649775
3745.08	1.53726	0.00722164
3748.94	1.53662	0.00828452
3752.8	1.53551	0.00834798
3756.65	1.5348	0.007622
3760.51	1.53469	0.00704227
3764.37	1.53478	0.00680495
3768.23	1.53472	0.00692232
3772.08	1.53437	0.00675462
3775.94	1.53442	0.00640782
3779.8	1.53451	0.00651172
3783.65	1.53423	0.00648195
3787.51	1.53408	0.00620286
3791.37	1.53431	0.00587595
3795.22	1.53459	0.00584694
3799.08	1.53483	0.00646239
3802.94	1.53437	0.00710322
3806.79	1.53355	0.00709429
3810.65	1.53333	0.00642264
3814.51	1.53363	0.00626551
3818.37	1.5336	0.00709295
3822.22	1.5327	0.00752153
3826.08	1.53192	0.00703719
3829.94	1.53176	0.00641066
3833.79	1.5318	0.00653867
3837.65	1.53125	0.00732171
3841.51	1.52976	0.00760431
3845.36	1.52827	0.00661533
3849.22	1.52594	0.00611614
3853.08	1.52611	0.00757909
