#nu	n	k
800	1.441201025	0.002370971
802	1.442449524	0.002279499
804	1.443622415	0.002218164
806	1.444731575	0.00217471
808	1.445769313	0.002154818
810	1.446735153	0.002133884
812	1.447631537	0.002093632
814	1.448499976	0.002020828
816	1.449371594	0.001935851
818	1.450245111	0.001882509
820	1.451098381	0.001845384
822	1.451931801	0.001835367
824	1.452743077	0.001859742
826	1.453538627	0.001906472
828	1.454316144	0.001993264
830	1.455057831	0.002134999
832	1.455752574	0.002332258
834	1.456373935	0.00257594
836	1.45689904	0.00287502
838	1.457307689	0.003187541
840	1.457541056	0.00349171
842	1.457622779	0.003661082
844	1.45763705	0.003626834
846	1.457709742	0.003400597
848	1.457929984	0.003056081
850	1.458311946	0.002701293
852	1.458792141	0.002396757
854	1.459332546	0.002178644
856	1.459889834	0.002030216
858	1.460439885	0.001936861
860	1.460982928	0.001877498
862	1.461517236	0.00185772
864	1.462038725	0.001889109
866	1.462531922	0.001950935
868	1.462978568	0.00204692
870	1.463376438	0.002155221
872	1.463691463	0.002260164
874	1.463946436	0.002246045
876	1.46431344	0.002102302
878	1.464835949	0.001997437
880	1.465438552	0.001992183
882	1.46608463	0.002084809
884	1.466770232	0.002282701
886	1.467508982	0.002620306
888	1.468317634	0.00319353
890	1.469128024	0.004219724
892	1.46954514	0.006023859
894	1.468393318	0.00840405
896	1.465223625	0.009006755
898	1.463241024	0.006966132
900	1.463248052	0.004995548
902	1.463894773	0.003838499
904	1.464602858	0.003205237
906	1.465241891	0.00285555
908	1.465786159	0.002664765
910	1.466248706	0.002546277
912	1.466651178	0.002453415
914	1.467032669	0.002364593
916	1.467407655	0.002292823
918	1.46779669	0.00223036
920	1.468201898	0.002212279
922	1.468611417	0.002242387
924	1.469017595	0.002350077
926	1.469359926	0.002567263
928	1.469513165	0.00284644
930	1.469451982	0.00294228
932	1.469507737	0.002759167
934	1.469802525	0.00258731
936	1.47016397	0.002557196
938	1.470505278	0.002621533
940	1.470798022	0.002738964
942	1.471029562	0.002875389
944	1.471215597	0.002997329
946	1.471371939	0.003096987
948	1.471520088	0.003166052
950	1.471676729	0.003204709
952	1.471870413	0.003234913
954	1.472084483	0.003296926
956	1.472297379	0.003385829
958	1.472502688	0.003503316
960	1.472670115	0.003659948
962	1.472776059	0.00382798
964	1.472810962	0.003950488
966	1.472833778	0.003999093
968	1.472885211	0.003977479
970	1.473006806	0.003933385
972	1.473183366	0.003915274
974	1.473380818	0.003937115
976	1.473579696	0.004020582
978	1.47371821	0.004148016
980	1.473755273	0.004260284
982	1.473742435	0.004243433
984	1.473813229	0.004119949
986	1.473984876	0.003998672
988	1.474206293	0.003886511
990	1.474481309	0.003799505
992	1.474815078	0.00373978
994	1.475182296	0.003738812
996	1.475570232	0.003799565
998	1.475963266	0.003936431
1000	1.476300807	0.004184267
1002	1.476368232	0.004483668
1004	1.476369967	0.004213951
1006	1.476895249	0.004008063
1008	1.477500322	0.003959639
1010	1.478191588	0.003995866
1012	1.478975059	0.004124533
1014	1.479861671	0.004356501
1016	1.480895138	0.004708233
1018	1.482142712	0.005256522
1020	1.48362439	0.006200346
1022	1.48502768	0.007610747
1024	1.48723564	0.009048626
1026	1.490922897	0.012842061
1028	1.49396376	0.023205465
1030	1.478739354	0.040107032
1032	1.461784885	0.023766251
1034	1.466147284	0.015090077
1036	1.469449728	0.01362093
1038	1.470761398	0.01407228
1040	1.470518602	0.014852004
1042	1.469251081	0.015041876
1044	1.467778886	0.01427413
1046	1.466770622	0.01279836
1048	1.466441044	0.011102025
1050	1.466660858	0.009538868
1052	1.467249956	0.008235735
1054	1.46804819	0.007220159
1056	1.468976816	0.006471992
1058	1.469955855	0.005954506
1060	1.470985909	0.00562082
1062	1.472067145	0.005471556
1064	1.47321735	0.005511631
1066	1.474451756	0.005773786
1068	1.475791945	0.006332171
1070	1.477216814	0.007315265
1072	1.478635789	0.008889418
1074	1.479890364	0.011193667
1076	1.480860176	0.014562718
1078	1.480694748	0.019882054
1080	1.476167315	0.027210144
1082	1.463907719	0.0294764
1084	1.455702239	0.02070909
1086	1.455979715	0.012765529
1088	1.458369419	0.008540043
1090	1.460662356	0.006355266
1092	1.462558732	0.005181408
1094	1.464110518	0.00455405
1096	1.465407938	0.00426269
1098	1.466512044	0.004235102
1100	1.46743002	0.00446506
1102	1.468108911	0.004966537
1104	1.468358263	0.005807079
1106	1.467623162	0.006667401
1108	1.466185738	0.006247327
1110	1.465723585	0.004799082
1112	1.466149203	0.003611219
1114	1.466844726	0.002879426
1116	1.467543668	0.002461487
1118	1.468167662	0.002227789
1120	1.468718605	0.002096505
1122	1.469207707	0.002021218
1124	1.469650731	0.00199324
1126	1.4700526	0.002007979
1128	1.470402126	0.002048125
1130	1.470687738	0.002094174
1132	1.470960018	0.002098497
1134	1.471252614	0.00210954
1136	1.471548918	0.002149273
1138	1.471836992	0.002217813
1140	1.47209801	0.002316543
1142	1.472334568	0.002417003
1144	1.472575735	0.002520905
1146	1.472833567	0.002659262
1148	1.473072594	0.002866525
1150	1.473263818	0.003136477
1152	1.473369962	0.003474161
1154	1.473307105	0.003876619
1156	1.472935095	0.004100433
1158	1.472665948	0.003948862
1160	1.472597073	0.003731488
1162	1.472679826	0.003504946
1164	1.47288582	0.003340222
1166	1.473175646	0.003240538
1168	1.473557613	0.003237282
1170	1.474022096	0.003370304
1172	1.474591972	0.003703318
1174	1.475290735	0.004468614
1176	1.47579202	0.006270984
1178	1.473894528	0.009310786
1180	1.46944889	0.007950277
1182	1.46919538	0.005056482
1184	1.469937066	0.003777164
1186	1.47058585	0.003191365
1188	1.47109418	0.002901376
1190	1.47148385	0.002757916
1192	1.471773562	0.002692267
1194	1.47196611	0.00266088
1196	1.472077286	0.002588178
1198	1.472200969	0.002417009
1200	1.472450427	0.00221559
1202	1.472836622	0.002112174
1204	1.473304311	0.002201829
1206	1.473753424	0.002612947
1208	1.47385318	0.003479745
1210	1.472800275	0.004379301
1212	1.47140252	0.003426489
1214	1.471594891	0.002272601
1216	1.472055163	0.001782587
1218	1.4724316	0.001543926
1220	1.472739169	0.001396985
1222	1.47301273	0.001292807
1224	1.473263934	0.001219469
1226	1.473498895	0.001171845
1228	1.473716592	0.00113723
1230	1.473930592	0.001119123
1232	1.474133787	0.00111391
1234	1.4743347	0.001124438
1236	1.474530392	0.001156601
1238	1.474716479	0.001210456
1240	1.47488492	0.001292746
1242	1.475028515	0.001403963
1244	1.475124956	0.001544106
1246	1.475144089	0.001698604
1248	1.475058922	0.001808401
1250	1.474899721	0.00177689
1252	1.474841067	0.001576011
1254	1.474939237	0.001381063
1256	1.475098463	0.001256209
1258	1.475265678	0.001187172
1260	1.475420572	0.001144965
1262	1.475574395	0.001114299
1264	1.47572117	0.001097405
1266	1.475867451	0.001089675
1268	1.476011473	0.001093157
1270	1.476147019	0.001107013
1272	1.476270154	0.001125473
1274	1.47638091	0.001144171
1276	1.476483619	0.001155498
1278	1.476581834	0.001158617
1280	1.476683135	0.001145768
1282	1.476799599	0.001123074
1284	1.476932611	0.001108033
1286	1.477072975	0.001097907
1288	1.477222834	0.001097104
1290	1.477380706	0.001106987
1292	1.477543374	0.001132459
1294	1.477707163	0.001175521
1296	1.477860282	0.001242672
1298	1.477988876	0.001322776
1300	1.478089342	0.00139218
1302	1.478182431	0.001429737
1304	1.478308272	0.001441882
1306	1.478493641	0.001475415
1308	1.478712211	0.001599567
1310	1.478858087	0.001868439
1312	1.478730102	0.002164861
1314	1.478458036	0.002117289
1316	1.478449306	0.001875076
1318	1.478611792	0.001716774
1320	1.478814603	0.001648375
1322	1.479022917	0.001638998
1324	1.479220666	0.001664106
1326	1.479414128	0.001717646
1328	1.479592108	0.001804795
1330	1.479731678	0.001942749
1332	1.479726919	0.002060225
1334	1.479751059	0.001962173
1336	1.479935123	0.001884928
1338	1.480148376	0.001871222
1340	1.480373607	0.001889214
1342	1.480600388	0.001937007
1344	1.480827533	0.002003134
1346	1.481049681	0.002087781
1348	1.481265532	0.002180662
1350	1.481487164	0.002265881
1352	1.481736476	0.002362769
1354	1.482004468	0.002489159
1356	1.482275995	0.002655474
1358	1.48252792	0.002848203
1360	1.482763249	0.003032115
1362	1.483034583	0.003195386
1364	1.483382233	0.003380113
1366	1.483799025	0.003639964
1368	1.484272236	0.004002658
1370	1.484829603	0.00448977
1372	1.48552802	0.005257737
1374	1.486275464	0.006620297
1376	1.486517001	0.009083761
1378	1.484325992	0.012303151
1380	1.47977969	0.012167198
1382	1.478003551	0.009400075
1384	1.478053165	0.007543182
1386	1.478421432	0.006403564
1388	1.478900248	0.005632571
1390	1.479406516	0.005110109
1392	1.479917129	0.004757894
1394	1.480417549	0.004528335
1396	1.480897509	0.004401862
1398	1.481351587	0.004336878
1400	1.481797711	0.004323178
1402	1.482240699	0.004361754
1404	1.482665796	0.004446542
1406	1.483059442	0.004580452
1408	1.483422987	0.004720702
1410	1.483790308	0.004847301
1412	1.484190359	0.004991696
1414	1.484613428	0.005175265
1416	1.485051641	0.005408562
1418	1.485480056	0.00569302
1420	1.485885882	0.006036094
1422	1.486260365	0.006398155
1424	1.486596633	0.006767043
1426	1.486908375	0.007097025
1428	1.487267526	0.007352865
1430	1.487756499	0.007589461
1432	1.488416197	0.007867817
1434	1.489247587	0.00830203
1436	1.49022965	0.00898232
1438	1.491261092	0.010019784
1440	1.492201579	0.011509506
1442	1.492747862	0.013398599
1444	1.492754368	0.015376887
1446	1.492440408	0.017176535
1448	1.492035068	0.01893611
1450	1.49142868	0.020824529
1452	1.490404699	0.022803925
1454	1.488886984	0.024681051
1456	1.486877843	0.026261841
1458	1.484428504	0.027360806
1460	1.481747232	0.027793093
1462	1.479066932	0.027470624
1464	1.476679553	0.026421119
1466	1.47482397	0.024798079
1468	1.473644256	0.022829656
1470	1.473199283	0.020783461
1472	1.473390477	0.018872465
1474	1.474116298	0.017180199
1476	1.475333747	0.015792075
1478	1.47696196	0.014728301
1480	1.479085272	0.014003049
1482	1.481808665	0.013756925
1484	1.48531764	0.01418798
1486	1.489949287	0.015922624
1488	1.494990654	0.020194058
1490	1.501195156	0.026083679
1492	1.509903786	0.040120276
1494	1.511966946	0.076178677
1496	1.445607958	0.108223079
1498	1.414560032	0.052724926
1500	1.425687258	0.027163552
1502	1.435092428	0.017332219
1504	1.441798717	0.012488921
1506	1.446695961	0.009921313
1508	1.450331767	0.008397527
1510	1.453186827	0.007451763
1512	1.45545228	0.006880209
1514	1.457319215	0.006485335
1516	1.458949324	0.006281002
1518	1.460412276	0.006293795
1520	1.461761735	0.006700333
1522	1.462443847	0.007864531
1524	1.461222896	0.008610001
1526	1.460432858	0.006970267
1528	1.461281615	0.005652274
1530	1.462269708	0.00510003
1532	1.463067013	0.004873301
1534	1.463664	0.004776434
1536	1.464094179	0.004671773
1538	1.464441095	0.004490224
1540	1.464777048	0.004239347
1542	1.465191657	0.00393426
1544	1.465688526	0.003656601
1546	1.466238893	0.003489234
1548	1.46677633	0.003427108
1550	1.467191673	0.003468987
1552	1.467477728	0.003382955
1554	1.467919322	0.003213785
1556	1.468447563	0.003134306
1558	1.468982556	0.003169074
1560	1.46952197	0.003304817
1562	1.469996105	0.00356172
1564	1.470387926	0.003888984
1566	1.470664197	0.004296389
1568	1.47075697	0.004721133
1570	1.470675807	0.005049292
1572	1.470472242	0.005192861
1574	1.470309764	0.005092022
1576	1.470330922	0.004817698
1578	1.470574897	0.004555438
1580	1.470999073	0.00435936
1582	1.471583642	0.004339902
1584	1.4721379	0.004607263
1586	1.472404549	0.004920037
1588	1.472734555	0.00490704
1590	1.473437241	0.004927535
1592	1.474460918	0.005185889
1594	1.475741944	0.005925432
1596	1.477051732	0.00720758
1598	1.478673359	0.009128905
1600	1.480620288	0.013029368
1602	1.480361683	0.020680995
1604	1.471342992	0.029995359
1606	1.455082768	0.024815734
1608	1.45359592	0.012735845
1610	1.456936261	0.007467836
1612	1.459649264	0.005372098
1614	1.461565353	0.004451296
1616	1.462944851	0.004053293
1618	1.463933847	0.003991463
1620	1.464541591	0.004096596
1622	1.464785362	0.004250861
1624	1.464675723	0.004253062
1626	1.464436751	0.003880135
1628	1.464428733	0.003227653
1630	1.464682454	0.002598051
1632	1.46507305	0.002086572
1634	1.465510023	0.001698439
1636	1.465976195	0.001417854
1638	1.46639465	0.00123235
1640	1.466777147	0.001097643
1642	1.467133507	0.000997096
1644	1.467460665	0.000923944
1646	1.467776889	0.000867695
1648	1.468072302	0.00085799
1650	1.468323132	0.000876926
1652	1.468535355	0.000900484
1654	1.468711262	0.000924599
1656	1.46886442	0.000943403
1658	1.468977178	0.00095719
1660	1.469060193	0.000919302
1662	1.469173361	0.000829981
1664	1.46933993	0.00074192
1666	1.469532185	0.000684455
1668	1.469734587	0.000660487
1670	1.46993137	0.00067733
1672	1.47010973	0.000733664
1674	1.470235927	0.000829672
1676	1.470261895	0.000923202
1678	1.470230428	0.000900896
1680	1.470268242	0.000787132
1682	1.470391952	0.000676996
1684	1.470558163	0.000611701
1686	1.47072223	0.000595044
1688	1.470881225	0.000601913
1690	1.471020294	0.000631185
1692	1.471140847	0.000675094
1694	1.4712396	0.000731422
1696	1.471287792	0.000808376
1698	1.471263994	0.00079428
1700	1.471328964	0.000709355
1702	1.471436818	0.000657251
1704	1.471559458	0.000631084
1706	1.471675566	0.00062063
1708	1.471789402	0.000614805
1710	1.471906048	0.000610379
1712	1.472029443	0.000608366
1714	1.472165687	0.000610178
1716	1.472315399	0.000628061
1718	1.472483869	0.000671391
1720	1.472654475	0.000748671
1722	1.472817311	0.000874314
1724	1.472950429	0.001041238
1726	1.473046007	0.001237492
1728	1.473093759	0.001471848
1730	1.473059395	0.001732234
1732	1.472917418	0.001975823
1734	1.47267689	0.002155434
1736	1.472355338	0.002204526
1738	1.472048818	0.002091193
1740	1.47183344	0.001857001
1742	1.471742434	0.00156446
1744	1.471768805	0.001278243
1746	1.471881629	0.001038306
1748	1.472046322	0.000858083
1750	1.472232414	0.000736721
1752	1.47242316	0.000665836
1754	1.472608674	0.000633015
1756	1.472783278	0.000636204
1758	1.472932588	0.000664561
1760	1.473060858	0.000700854
1762	1.47317848	0.00073825
1764	1.473290453	0.000779473
1766	1.473395502	0.000831333
1768	1.473491455	0.000887484
1770	1.473578175	0.000943101
1772	1.473667126	0.00100856
1774	1.473739298	0.001088156
1776	1.473785511	0.001173368
1778	1.47379002	0.001227206
1780	1.473813896	0.001208673
1782	1.473923549	0.001173465
1784	1.4740917	0.001193719
1786	1.474271982	0.001285337
1788	1.474426157	0.001425909
1790	1.474572919	0.001580549
1792	1.474748784	0.001798508
1794	1.474893485	0.002133319
1796	1.474934899	0.002583712
1798	1.474781105	0.003106518
1800	1.474370814	0.003584561
1802	1.473736221	0.003845351
1804	1.473045883	0.003772087
1806	1.472512227	0.003409507
1808	1.472234727	0.002925899
1810	1.472178211	0.002462305
1812	1.472272365	0.002095033
1814	1.4724386	0.001852627
1816	1.472597486	0.001717021
1818	1.472717182	0.001638864
1820	1.472795358	0.001577308
1822	1.472849206	0.001496792
1824	1.472912356	0.001388637
1826	1.473013974	0.001277435
1828	1.47314853	0.001184564
1830	1.473293302	0.001129054
1832	1.473425437	0.001086064
1834	1.473570566	0.001030861
1836	1.473758736	0.00098496
1838	1.473981581	0.000979289
1840	1.474224453	0.001022886
1842	1.474480777	0.001120679
1844	1.474745868	0.001283946
1846	1.475006131	0.001527239
1848	1.475247239	0.001888266
1850	1.475396699	0.002392276
1852	1.475351258	0.003009719
1854	1.475042175	0.003640594
1856	1.474423945	0.004145277
1858	1.473584937	0.004284184
1860	1.47284787	0.003973418
1862	1.4724611	0.003434379
1864	1.472411327	0.002946984
1866	1.472536164	0.002656852
1868	1.472665029	0.002575548
1870	1.472679666	0.002623622
1872	1.472529231	0.002673206
1874	1.472271964	0.002596706
1876	1.472035096	0.002353418
1878	1.471921073	0.002013524
1880	1.471942987	0.001671625
1882	1.472053638	0.001387567
1884	1.472207083	0.00117033
1886	1.472370953	0.001011206
1888	1.472530627	0.000892343
1890	1.472681675	0.000799798
1892	1.472830389	0.000722584
1894	1.472985008	0.000668206
1896	1.473131098	0.000645564
1898	1.473247692	0.000645768
1900	1.473331292	0.000633984
1902	1.473415571	0.000588098
1904	1.473530879	0.000535949
1906	1.473665341	0.00050098
1908	1.47380841	0.000480504
1910	1.473958285	0.000475813
1912	1.474113403	0.000486824
1914	1.474274	0.000515196
1916	1.47443781	0.000562568
1918	1.474605934	0.000630428
1920	1.474775821	0.00072361
1922	1.474938799	0.000847642
1924	1.475084387	0.00099279
1926	1.475226982	0.001144293
1928	1.475392648	0.001317285
1930	1.475582607	0.001558937
1932	1.475762194	0.001903731
1934	1.475876407	0.002375566
1936	1.475839086	0.002980401
1938	1.475530609	0.003642932
1940	1.474891504	0.004165896
1942	1.474095429	0.004339444
1944	1.47334202	0.004204135
1946	1.472750025	0.003801614
1948	1.472449258	0.003277199
1950	1.472399446	0.002825764
1952	1.472475793	0.002533488
1954	1.472554597	0.002394375
1956	1.472561971	0.002346038
1958	1.472465217	0.002325749
1960	1.472281353	0.002200395
1962	1.472125511	0.001994452
1964	1.472020751	0.001704955
1966	1.472027616	0.001378758
1968	1.472134206	0.001096906
1970	1.472290432	0.000878129
1972	1.472468078	0.000721601
1974	1.472650017	0.00061742
1976	1.472826436	0.000562113
1978	1.472982261	0.000551026
1980	1.473106514	0.000575712
1982	1.473179497	0.000615371
1984	1.473216719	0.000626639
1986	1.473270062	0.000619345
1988	1.473326863	0.000644973
1990	1.473329296	0.000691942
1992	1.473278226	0.000694255
1994	1.473221507	0.000622443
1996	1.473236186	0.0004952
1998	1.473318243	0.00040262
2000	1.473411355	0.00035752
2002	1.473494127	0.000340716
2004	1.473561544	0.000340726
2006	1.473612248	0.000349588
2008	1.473641865	0.00035789
2010	1.47365636	0.000352783
2012	1.473673369	0.000327905
2014	1.473702337	0.0002987
2016	1.473734437	0.000271842
2018	1.473772058	0.000242333
2020	1.473816484	0.000218337
2022	1.473861113	0.000199195
2024	1.47390578	0.000183912
2026	1.473950288	0.000171888
2028	1.473995645	0.000164785
2030	1.474036603	0.000164392
2032	1.474065198	0.000169012
2034	1.47408331	0.000154128
2036	1.47412047	0.000133851
2038	1.474160982	0.000121768
2040	1.474201156	0.000114542
2042	1.47423947	0.000109961
2044	1.474276129	0.000107325
2046	1.474312184	0.00010532
2048	1.474346481	0.0001044
2050	1.474380714	0.000104561
2052	1.474412784	0.000105683
2054	1.474445206	0.000107138
2056	1.47447627	0.000109851
2058	1.474506759	0.000113964
2060	1.474535887	0.00011916
2062	1.474563867	0.000125394
2064	1.474590735	0.000135383
2066	1.474612054	0.000150829
2068	1.474618173	0.000163896
2070	1.474618403	0.000158539
2072	1.474632772	0.000143857
2074	1.474654279	0.000133839
2076	1.474677092	0.000126083
2078	1.47470099	0.000119111
2080	1.474725901	0.000113979
2082	1.474750651	0.000110908
2084	1.474774681	0.000108575
2086	1.474797765	0.00010575
2088	1.474821422	0.000102758
2090	1.474846336	0.000100315
2092	1.474871219	9.89E-05
2094	1.474896096	9.85E-05
2096	1.474919997	9.87E-05
2098	1.474944347	9.87E-05
2100	1.474969806	9.95E-05
2102	1.474995643	0.000102501
2104	1.47502159	0.000108578
2106	1.475044176	0.000117599
2108	1.475062645	0.00012881
2110	1.475073954	0.000138078
2112	1.475083937	0.000139895
2114	1.47510043	0.000140372
2116	1.475111984	0.000147184
2118	1.475112146	0.000142581
2120	1.475127628	0.000126124
2122	1.475152113	0.000119111
2124	1.475171824	0.000117762
2126	1.475187748	0.000110386
2128	1.475213108	0.000100586
2130	1.475241165	9.65E-05
2132	1.475270052	9.72E-05
2134	1.475295905	0.000100589
2136	1.47531935	0.000104482
2138	1.475342091	0.000107041
2140	1.475365546	0.000108872
2142	1.47539141	0.00011149
2144	1.475417352	0.000115452
2146	1.475444492	0.000120558
2148	1.475473425	0.000126538
2150	1.475506197	0.000134734
2152	1.475541784	0.000148644
2154	1.475582035	0.000172041
2156	1.475621601	0.000210049
2158	1.475652538	0.000268126
2160	1.475661516	0.000351069
2162	1.475612259	0.000450345
2164	1.475480686	0.000489939
2166	1.475372967	0.000409493
2168	1.475362114	0.000304388
2170	1.475398909	0.000235891
2172	1.475446566	0.000200519
2174	1.475491977	0.000185711
2176	1.475532032	0.000182425
2178	1.475568644	0.000187449
2180	1.475602158	0.000203021
2182	1.475624645	0.000231533
2184	1.475620856	0.000266979
2186	1.475589805	0.00027467
2188	1.47557481	0.000249531
2190	1.475580335	0.000224075
2192	1.475592327	0.000200277
2194	1.475614571	0.000177273
2196	1.475644341	0.000160286
2198	1.475678575	0.000150581
2200	1.475716178	0.000148631
2202	1.475757268	0.000159419
2204	1.475793377	0.000190928
2206	1.475797468	0.000246686
2208	1.475741896	0.000270255
2210	1.475711949	0.000222823
2212	1.47572957	0.0001833
2214	1.47575472	0.000159208
2216	1.475786212	0.000141368
2218	1.475819421	0.000133886
2220	1.475850887	0.000133378
2222	1.475878972	0.000136687
2224	1.475902989	0.000141595
2226	1.4759247	0.000145519
2228	1.475947794	0.000148459
2230	1.475972651	0.000153317
2232	1.475997487	0.000163254
2234	1.476018072	0.000178923
2236	1.476026891	0.000194257
2238	1.476030055	0.00019645
2240	1.476042817	0.000188282
2242	1.476067262	0.000182547
2244	1.476097849	0.000184193
2246	1.47612902	0.000192794
2248	1.476159494	0.000207469
2250	1.476188521	0.000228636
2252	1.476214462	0.000256822
2254	1.476234897	0.000293238
2256	1.47624408	0.000339844
2258	1.476230185	0.000394697
2260	1.476177424	0.000433842
2262	1.476112288	0.000418808
2264	1.47608501	0.000365652
2266	1.476098678	0.000317993
2268	1.476129099	0.000289252
2270	1.476164765	0.000276323
2272	1.476199474	0.000276008
2274	1.476232531	0.000285195
2276	1.476263196	0.00030584
2278	1.476282004	0.000341615
2280	1.476266804	0.000378324
2282	1.476243764	0.000375183
2284	1.476247144	0.000372499
2286	1.476239393	0.00037913
2288	1.476222636	0.000369071
2290	1.476217012	0.000344203
2292	1.476224148	0.000313724
2294	1.476246398	0.00028318
2296	1.476282306	0.000260398
2298	1.476326374	0.000248364
2300	1.476373566	0.000246962
2302	1.476425239	0.000257337
2304	1.476478147	0.000282117
2306	1.476529967	0.000327012
2308	1.476570593	0.000402901
2310	1.476566051	0.000515679
2312	1.476464512	0.000613222
2314	1.476321398	0.000587317
2316	1.476264349	0.000479704
2318	1.47628667	0.000387543
2320	1.476341784	0.000331936
2322	1.476406262	0.000305882
2324	1.47647368	0.000301743
2326	1.476544201	0.000318022
2328	1.476616937	0.000360763
2330	1.476682206	0.000442865
2332	1.476708974	0.000580146
2334	1.47661953	0.000746878
2336	1.476406995	0.000778906
2338	1.476289181	0.000655879
2340	1.476279224	0.00054986
2342	1.476296106	0.00047431
2344	1.476337757	0.000414797
2346	1.476396689	0.000384139
2348	1.476454641	0.000382158
2350	1.476502523	0.000402158
2352	1.476533968	0.000435516
2354	1.476551882	0.000472183
2356	1.476566258	0.000515961
2358	1.476563425	0.000592576
2360	1.476468418	0.000693207
2362	1.476279886	0.000643638
2364	1.47623361	0.000478342
2366	1.476283496	0.000369914
2368	1.476347141	0.000314093
2370	1.476405794	0.000287309
2372	1.476456738	0.000274524
2374	1.476503293	0.000270062
2376	1.476544739	0.00027183
2378	1.476585198	0.000279195
2380	1.476623607	0.000294905
2382	1.476655091	0.000319348
2384	1.476679399	0.000350241
2386	1.476689994	0.000391786
2388	1.476668323	0.000432288
2390	1.47662552	0.000431895
2392	1.476612276	0.000400307
2394	1.476623269	0.000373781
2396	1.476645385	0.000355411
2398	1.47667621	0.000347152
2400	1.476708403	0.000350924
2402	1.476737324	0.000365707
2404	1.476760801	0.000389705
2406	1.476775668	0.000421335
2408	1.476777474	0.000459934
2410	1.47675773	0.000500617
2412	1.476711765	0.000525703
2414	1.476658988	0.000513224
2416	1.476628886	0.000478248
2418	1.476616099	0.000439596
2420	1.476618049	0.000399407
2422	1.476633611	0.000365632
2424	1.476656153	0.000342099
2426	1.476679897	0.000327643
2428	1.476701679	0.000319852
2430	1.476718893	0.00031809
2432	1.4767266	0.000318227
2434	1.476725819	0.000307018
2436	1.476735887	0.000284561
2438	1.476756253	0.000265983
2440	1.476778115	0.000252938
2442	1.476802013	0.000242679
2444	1.476826903	0.000236093
2446	1.476851343	0.000233131
2448	1.476874688	0.000233167
2450	1.476895779	0.000235416
2452	1.476914612	0.000239364
2454	1.476931215	0.000244209
2456	1.476944837	0.000248579
2458	1.476957066	0.000251145
2460	1.476968412	0.000252431
2462	1.47698093	0.000253692
2464	1.476991653	0.000255788
2466	1.476998922	0.000256434
2468	1.477005189	0.000251073
2470	1.477016819	0.000241598
2472	1.477033711	0.000234162
2474	1.477051728	0.000229677
2476	1.477069632	0.000227592
2478	1.47708839	0.000226834
2480	1.477105952	0.000227169
2482	1.47712353	0.000228589
2484	1.477140454	0.000231746
2486	1.477155269	0.000236824
2488	1.477167859	0.0002416
2490	1.477177464	0.000244394
2492	1.477187741	0.000244248
2494	1.477201081	0.000245128
2496	1.477211169	0.000251435
2498	1.477209088	0.000247994
2500	1.477219752	0.000232736
2502	1.477241531	0.000222498
2504	1.477268421	0.000221589
2506	1.477291641	0.00023258
2508	1.477297932	0.000250427
2510	1.477287517	0.000252498
2512	1.47728596	0.00023219
2514	1.477303462	0.00021105
2516	1.477328662	0.000198391
2518	1.477354807	0.000193636
2520	1.477377783	0.000193342
2522	1.477396405	0.000193372
2524	1.477413887	0.000189643
2526	1.477436743	0.000181795
2528	1.477466867	0.000178838
2530	1.477498595	0.000183502
2532	1.477527981	0.000194837
2534	1.47755197	0.000211328
2536	1.477570595	0.000231394
2538	1.477580089	0.000255837
2540	1.47756989	0.00027571
2542	1.477554275	0.000266055
2544	1.477563613	0.00024386
2546	1.477586393	0.000235285
2548	1.477602107	0.000236305
2550	1.477611366	0.000232544
2552	1.477623597	0.000218806
2554	1.477646777	0.000204744
2556	1.477674747	0.000196655
2558	1.477702465	0.000191976
2560	1.477730428	0.000186393
2562	1.477763616	0.000182465
2564	1.477799985	0.000182342
2566	1.477838217	0.000186623
2568	1.477878061	0.000194772
2570	1.477920641	0.000207509
2572	1.477964885	0.000227537
2574	1.478009562	0.000256126
2576	1.478053148	0.000293784
2578	1.478098835	0.000344607
2580	1.47814186	0.000421001
2582	1.478159973	0.00053994
2584	1.478093604	0.000691325
2586	1.477908663	0.000768064
2588	1.477734	0.000684349
2590	1.477674804	0.000536496
2592	1.477703642	0.000418108
2594	1.477766627	0.000348163
2596	1.47783459	0.000316562
2598	1.477897132	0.000311606
2600	1.477950764	0.000329719
2602	1.47798212	0.000370011
2604	1.477968395	0.000412185
2606	1.477930226	0.000402482
2608	1.477933844	0.00036847
2610	1.477945647	0.000353398
2612	1.477950473	0.000328282
2614	1.477975395	0.000295401
2616	1.478012745	0.000275903
2618	1.478051085	0.000268299
2620	1.47808604	0.000267512
2622	1.478116632	0.000270974
2624	1.478145774	0.000277238
2626	1.478171009	0.000286764
2628	1.478191857	0.000300107
2630	1.478202008	0.000316525
2632	1.478195093	0.000327263
2634	1.478180696	0.000305877
2636	1.478199378	0.000269148
2638	1.478235352	0.000248173
2640	1.478270816	0.000239824
2642	1.478304044	0.000238746
2644	1.478329954	0.000239869
2646	1.478352433	0.000237698
2648	1.478376736	0.000231659
2650	1.478404223	0.00022456
2652	1.478435039	0.000220155
2654	1.478465258	0.000220025
2656	1.478492298	0.000220822
2658	1.478516192	0.000219097
2660	1.478542286	0.000213669
2662	1.478571831	0.000206552
2664	1.478606758	0.000200133
2666	1.478645026	0.000198263
2668	1.478684425	0.000204157
2670	1.478716452	0.000219582
2672	1.478728447	0.000228529
2674	1.47874645	0.000212671
2676	1.478783675	0.000198554
2678	1.478825771	0.000193734
2680	1.478867341	0.000194427
2682	1.47890576	0.000197546
2684	1.478944105	0.000200582
2686	1.478982467	0.000203985
2688	1.479020786	0.000208935
2690	1.479056977	0.000213886
2692	1.479093486	0.000215781
2694	1.479132532	0.000215167
2696	1.479177137	0.000214896
2698	1.479224944	0.00021736
2700	1.479273702	0.000222624
2702	1.479323501	0.000229951
2704	1.479374778	0.00023778
2706	1.47942978	0.000247271
2708	1.47948663	0.000260084
2710	1.479545725	0.000275286
2712	1.479609	0.000293138
2714	1.479675821	0.000315099
2716	1.479747834	0.00034214
2718	1.479826864	0.000376356
2720	1.479914349	0.000422619
2722	1.480011619	0.000488803
2724	1.48011529	0.000585387
2726	1.480217436	0.000728319
2728	1.48029271	0.000938827
2730	1.480284699	0.001230376
2732	1.480093337	0.001552296
2734	1.479686045	0.00172267
2736	1.479260698	0.001584292
2738	1.479043822	0.001262354
2740	1.479031373	0.00095422
2742	1.479122344	0.000733284
2744	1.479244752	0.000590574
2746	1.479368961	0.000500914
2748	1.479485477	0.000444284
2750	1.479593467	0.000408552
2752	1.479693914	0.000386443
2754	1.479786963	0.000373264
2756	1.479874783	0.00036667
2758	1.479957584	0.000363877
2760	1.480037273	0.000361533
2762	1.480119242	0.000363675
2764	1.480199134	0.000366719
2766	1.480279226	0.000373488
2768	1.480357698	0.000385907
2770	1.480433858	0.000398462
2772	1.480507254	0.000413801
2774	1.480575671	0.00042566
2776	1.480651059	0.000436402
2778	1.480722663	0.000446663
2780	1.480799774	0.000455121
2782	1.480880532	0.000464084
2784	1.480966873	0.000471838
2786	1.481055122	0.000485997
2788	1.481149376	0.000502173
2790	1.481244667	0.00052283
2792	1.481341189	0.000548289
2794	1.481440145	0.000579634
2796	1.481533085	0.000611379
2798	1.481628758	0.000641159
2800	1.481730232	0.000672247
2802	1.481835672	0.000711616
2804	1.481937644	0.000756204
2806	1.482037722	0.000806513
2808	1.482133328	0.000854384
2810	1.48221893	0.000899046
2812	1.482301281	0.000920533
2814	1.482415432	0.000922946
2816	1.482561883	0.000938823
2818	1.482721464	0.000975854
2820	1.482885937	0.001037948
2822	1.483031462	0.001114411
2824	1.483165355	0.001171243
2826	1.48333288	0.001205841
2828	1.483538865	0.001261413
2830	1.483762339	0.001347783
2832	1.483993724	0.001461997
2834	1.484228597	0.001597189
2836	1.484469148	0.001753303
2838	1.48472336	0.001935236
2840	1.484988918	0.002148293
2842	1.48526979	0.002396939
2844	1.485562444	0.002709475
2846	1.485850301	0.00308962
2848	1.486116357	0.003559406
2850	1.486317037	0.004122104
2852	1.486426168	0.004768919
2854	1.486389319	0.005472141
2856	1.486172881	0.006174092
2858	1.485780553	0.006787228
2860	1.485282546	0.007238079
2862	1.484774737	0.007520489
2864	1.484313069	0.007694051
2866	1.483902949	0.007806724
2868	1.483527587	0.007892118
2870	1.483159233	0.007959358
2872	1.482763173	0.007997332
2874	1.482330362	0.007959348
2876	1.481900332	0.007786842
2878	1.481569899	0.007485135
2880	1.481358298	0.007127825
2882	1.481270464	0.006747168
2884	1.481292247	0.006365591
2886	1.48142276	0.006002528
2888	1.481661524	0.005680035
2890	1.481994694	0.005418693
2892	1.482412863	0.005231499
2894	1.482906156	0.005138593
2896	1.483461748	0.005149122
2898	1.484060687	0.005282986
2900	1.484697491	0.005548465
2902	1.485349018	0.005966707
2904	1.486004513	0.006560259
2906	1.486633305	0.007373091
2908	1.487160493	0.008443431
2910	1.487494274	0.009807836
2912	1.48745635	0.011436182
2914	1.486879188	0.013204372
2916	1.485646477	0.01486394
2918	1.483781384	0.016032264
2920	1.481608423	0.01638484
2922	1.479639022	0.01593156
2924	1.478175633	0.014971222
2926	1.477253662	0.01381792
2928	1.476800099	0.012683
2930	1.476706003	0.011705176
2932	1.476835929	0.010945412
2934	1.477078489	0.010409493
2936	1.47736368	0.010077746
2938	1.477619988	0.009915762
2940	1.47780992	0.009890928
2942	1.477906166	0.009952539
2944	1.477893522	0.010055844
2946	1.47776643	0.010146665
2948	1.477553036	0.010170091
2950	1.477320986	0.010097042
2952	1.477109823	0.009954455
2954	1.476926564	0.009771848
2956	1.476778657	0.009560314
2958	1.476643898	0.009316728
2960	1.4765395	0.009008413
2962	1.476523809	0.008604525
2964	1.476711438	0.008191732
2966	1.477065906	0.007931884
2968	1.477426843	0.00787857
2970	1.477700092	0.007954067
2972	1.477862473	0.008070214
2974	1.477947414	0.00817434
2976	1.477978994	0.008250035
2978	1.477982236	0.008288556
2980	1.47795004	0.008283863
2982	1.477901474	0.00816951
2984	1.477957354	0.007951471
2986	1.478144969	0.007718758
2988	1.478446924	0.007521776
2990	1.478849187	0.00739483
2992	1.479323443	0.007354951
2994	1.479863068	0.007424008
2996	1.48043188	0.007629477
2998	1.480975377	0.008003502
3000	1.481385171	0.008498811
3002	1.481623564	0.008966242
3004	1.48185212	0.009250402
3006	1.482284404	0.009454556
3008	1.482971786	0.009765818
3010	1.48385674	0.010315072
3012	1.484879935	0.011209164
3014	1.485956652	0.012566574
3016	1.48695938	0.014492031
3018	1.487674683	0.017152331
3020	1.487655241	0.020658807
3022	1.486181326	0.024792757
3024	1.48268462	0.028533826
3026	1.477620824	0.030573743
3028	1.472327275	0.030419773
3030	1.467764639	0.028528571
3032	1.464408789	0.025462618
3034	1.462471976	0.021841785
3036	1.461967693	0.018321478
3038	1.462539472	0.015436726
3040	1.463673822	0.013417427
3042	1.464914177	0.012181431
3044	1.466015631	0.011480242
3046	1.466976865	0.011108233
3048	1.467814648	0.011036495
3050	1.468474029	0.011234121
3052	1.468878533	0.01165214
3054	1.468956751	0.012167935
3056	1.468753239	0.012649209
3058	1.468343027	0.013064024
3060	1.467712827	0.013421784
3062	1.466753005	0.013602735
3064	1.465537036	0.013356676
3066	1.464357344	0.012495783
3068	1.463643333	0.01111858
3070	1.463619676	0.009623122
3072	1.464162707	0.00840019
3074	1.465005896	0.00762786
3076	1.46593266	0.007314317
3078	1.466814971	0.007427694
3080	1.467541081	0.008001699
3082	1.467856909	0.009099248
3084	1.467267609	0.010561298
3086	1.465332472	0.011595346
3088	1.462682921	0.010891552
3090	1.461203035	0.008553483
3092	1.461344785	0.006257663
3094	1.462213698	0.00474251
3096	1.463212479	0.00389488
3098	1.464116618	0.003502421
3100	1.464823693	0.003425661
3102	1.465256367	0.003542455
3104	1.465335815	0.0036633
3106	1.465190984	0.003512557
3108	1.465169074	0.003071606
3110	1.465380607	0.002623191
3112	1.465682768	0.002302389
3114	1.465969313	0.002083306
3116	1.466197395	0.00190296
3118	1.46639102	0.001701246
3120	1.466610549	0.001472218
3122	1.466870492	0.001266802
3124	1.467139097	0.001102215
3126	1.467402517	0.000972843
3128	1.467659659	0.000865976
3130	1.467905953	0.000787123
3132	1.468134489	0.00072557
3134	1.468347231	0.00067862
3136	1.468545536	0.000643376
3138	1.46872579	0.000613508
3140	1.468896068	0.000585754
3142	1.469053617	0.000561171
3144	1.469207884	0.000538802
3146	1.469351559	0.000520081
3148	1.469489266	0.000505697
3150	1.46961712	0.000493471
3152	1.469739323	0.000480268
3154	1.469857715	0.000470385
3156	1.469970841	0.00045922
3158	1.470081254	0.000450945
3160	1.470188345	0.000450827
3162	1.470287492	0.000455121
3164	1.470375616	0.000465884
3166	1.470447337	0.000478799
3168	1.470495236	0.000482832
3170	1.470532879	0.000455626
3172	1.47059397	0.000403339
3174	1.470680289	0.000360438
3176	1.470771001	0.000332521
3178	1.470858344	0.000313939
3180	1.47094238	0.000300706
3182	1.471021271	0.000290666
3184	1.471096912	0.000282478
3186	1.471168154	0.000275747
3188	1.471236186	0.000269274
3190	1.471301847	0.000262631
3192	1.471365114	0.000255445
3194	1.471427348	0.000248378
3196	1.471488517	0.000241978
3198	1.47154755	0.000236252
3200	1.47160533	0.000230923
3202	1.471660128	0.000226049
3204	1.47171225	0.000221226
3206	1.471763155	0.000214716
3208	1.471813951	0.000206518
3210	1.471864668	0.000198105
3212	1.471916616	0.000190353
3214	1.471967385	0.000183842
3216	1.472017079	0.000178537
3218	1.472065889	0.000173733
3220	1.472113652	0.000169366
3222	1.472159365	0.0001653
3224	1.472205007	0.000161253
3226	1.472250332	0.00015755
3228	1.472294241	0.000154291
3230	1.472337337	0.000151403
3232	1.472379806	0.000148762
3234	1.472421223	0.000146609
3236	1.472461738	0.000144929
3238	1.472500905	0.000143621
3240	1.472539331	0.000142424
3242	1.472576666	0.000141225
3244	1.472612894	0.00013988
3246	1.472649422	0.00013812
3248	1.47268468	0.000136558
3250	1.472718966	0.00013503
3252	1.472753298	0.000133891
3254	1.472787238	0.000133096
3256	1.472819576	0.000132369
3258	1.472850861	0.000131179
3260	1.472881925	0.000129611
3262	1.472913	0.000128051
3264	1.472943992	0.000126497
3266	1.4729752	0.000125487
3268	1.473004566	0.000124918
3270	1.473033069	0.000124283
3272	1.473062298	0.000123525
3274	1.473090298	0.000122442
3276	1.473117251	0.000121444
3278	1.473145192	0.00012076
3280	1.473171918	0.000120133
3282	1.473199048	0.000119423
3284	1.473224805	0.000118787
3286	1.47325068	0.00011805
3288	1.473275587	0.000117491
3290	1.473301496	0.000116941
3292	1.473325233	0.000116412
3294	1.473350252	0.000116041
3296	1.47337511	0.000115835
3298	1.47339906	0.000116086
3300	1.47342297	0.000116987
3302	1.473445822	0.000118268
3304	1.473466581	0.000119505
3306	1.473487385	0.000120364
3308	1.473507032	0.000119983
3310	1.473526836	0.000118961
3312	1.47354755	0.000117874
3314	1.473568295	0.000117091
3316	1.473589032	0.000116576
3318	1.473608805	0.000116631
3320	1.473628554	0.000116649
3322	1.473647349	0.00011664
3324	1.473665478	0.000116602
3326	1.47368305	0.000116254
3328	1.4736996	0.000115188
3330	1.473717184	0.000113812
3332	1.473733781	0.000111681
3334	1.473750687	0.000108818
3336	1.473768449	0.000105958
3338	1.473786661	0.000103152
3340	1.473804046	0.000100395
3342	1.473822765	9.80E-05
3344	1.47384041	9.54E-05
3346	1.473859047	9.25E-05
3348	1.473878582	9.01E-05
3350	1.473897523	8.83E-05
3352	1.473917523	8.72E-05
3354	1.473936067	8.64E-05
3356	1.473954889	8.61E-05
3358	1.47397354	8.62E-05
3360	1.473992346	8.70E-05
3362	1.474010557	8.83E-05
3364	1.47402827	9.00E-05
3366	1.474045082	9.23E-05
3368	1.474061418	9.51E-05
3370	1.474077043	9.79E-05
3372	1.474090591	0.000100096
3374	1.47410503	0.000102179
3376	1.474117827	0.00010375
3378	1.474130815	0.000105213
3380	1.474143266	0.000106689
3382	1.474155712	0.000107854
3384	1.474167173	0.000108504
3386	1.474178416	0.000108466
3388	1.47418915	0.000107522
3390	1.474199987	0.000105586
3392	1.474211901	0.000103099
3394	1.474224434	0.000100324
3396	1.474236835	9.74E-05
3398	1.474250335	9.52E-05
3400	1.474264805	9.35E-05
3402	1.474278267	9.21E-05
3404	1.474291704	9.07E-05
3406	1.474304771	8.91E-05
3408	1.474318355	8.75E-05
3410	1.474331936	8.57E-05
3412	1.474346421	8.44E-05
3414	1.474360879	8.35E-05
3416	1.474375326	8.28E-05
3418	1.474390181	8.26E-05
3420	1.474405156	8.35E-05
3422	1.474420443	8.51E-05
3424	1.474436061	8.77E-05
3426	1.474449644	9.19E-05
3428	1.474462948	9.73E-05
3430	1.474474391	0.000103498
3432	1.474484169	0.000110175
3434	1.47449072	0.000116489
3436	1.474495914	0.000121652
3438	1.474499038	0.0001252
3440	1.474499934	0.000126017
3442	1.474501355	0.000123364
3444	1.474504588	0.000118359
3446	1.474508751	0.000111284
3448	1.474514459	0.000102049
3450	1.474524843	9.29E-05
3452	1.474538272	8.57E-05
3454	1.474551723	8.04E-05
3456	1.474565172	7.65E-05
3458	1.474578602	7.35E-05
3460	1.474591921	7.16E-05
3462	1.474604503	7.00E-05
3464	1.474616965	6.87E-05
3466	1.474628399	6.77E-05
3468	1.474639874	6.66E-05
3470	1.474651882	6.58E-05
3472	1.474662664	6.49E-05
3474	1.474674097	6.42E-05
3476	1.474684737	6.34E-05
3478	1.474696083	6.21E-05
3480	1.47470752	6.08E-05
3482	1.474718859	6.00E-05
3484	1.474731411	5.95E-05
3486	1.474743217	5.98E-05
3488	1.474755405	6.07E-05
3490	1.474765776	6.21E-05
3492	1.474775177	6.36E-05
3494	1.474784377	6.40E-05
3496	1.474793753	6.37E-05
3498	1.474803528	6.27E-05
3500	1.474813865	6.17E-05
3502	1.474825403	6.13E-05
3504	1.474836865	6.13E-05
3506	1.47484923	6.25E-05
3508	1.474860542	6.44E-05
3510	1.474871181	6.71E-05
3512	1.474881618	7.04E-05
3514	1.474891556	7.48E-05
3516	1.474897792	7.96E-05
3518	1.474901998	8.35E-05
3520	1.474905152	8.40E-05
3522	1.474908586	8.07E-05
3524	1.474915894	7.56E-05
3526	1.474925638	7.11E-05
3528	1.474937218	6.82E-05
3530	1.474949652	6.64E-05
3532	1.474962095	6.58E-05
3534	1.474975481	6.67E-05
3536	1.47498901	6.95E-05
3538	1.475002501	7.44E-05
3540	1.475013344	8.17E-05
3542	1.47502156	9.03E-05
3544	1.475025909	9.86E-05
3546	1.475027988	0.000104547
3548	1.475029087	0.000107434
3550	1.475030131	0.000108038
3552	1.475031521	0.000107167
3554	1.47503369	0.000105179
3556	1.475035962	0.000101095
3558	1.475039944	9.51E-05
3560	1.475047208	8.82E-05
3562	1.475057577	8.18E-05
3564	1.475069218	7.69E-05
3566	1.475082228	7.39E-05
3568	1.475095836	7.28E-05
3570	1.475109436	7.34E-05
3572	1.475122992	7.57E-05
3574	1.475135442	7.97E-05
3576	1.475147886	8.51E-05
3578	1.475158773	9.29E-05
3580	1.4751683	0.000102526
3582	1.475173011	0.000114877
3584	1.475167301	0.000126191
3586	1.475160988	0.000124628
3588	1.475159999	0.000119416
3590	1.47516345	0.000112007
3592	1.475169959	0.000105579
3594	1.475178935	0.000100692
3596	1.475189495	9.80E-05
3598	1.47519987	9.79E-05
3600	1.475208153	9.77E-05
3602	1.475216397	9.63E-05
3604	1.475226778	9.48E-05
3606	1.475237563	9.41E-05
3608	1.475249058	9.39E-05
3610	1.475262354	9.47E-05
3612	1.475276891	9.80E-05
3614	1.475292415	0.000104631
3616	1.475305776	0.000115783
3618	1.475315507	0.000130667
3620	1.475318072	0.000146477
3622	1.475313309	0.000158531
3624	1.475305207	0.000162319
3626	1.475300997	0.000158126
3628	1.475304196	0.000150672
3630	1.475312923	0.00014455
3632	1.47532683	0.000142051
3634	1.475342302	0.00014553
3636	1.475358179	0.000153343
3638	1.475372708	0.000167576
3640	1.475383066	0.000187306
3642	1.47538491	0.000211282
3644	1.475378084	0.000235521
3646	1.475361528	0.000255526
3648	1.475338298	0.000267309
3650	1.475311272	0.00026762
3652	1.475288315	0.000257282
3654	1.475271733	0.000238427
3656	1.475264007	0.00021591
3658	1.47526538	0.000194199
3660	1.475271965	0.000175916
3662	1.475283325	0.000162335
3664	1.475295472	0.000152841
3666	1.47530792	0.000146982
3668	1.475319403	0.000143998
3670	1.475329509	0.000143648
3672	1.475337525	0.000144734
3674	1.475342646	0.000145901
3676	1.475344937	0.000145536
3678	1.475347938	0.000142791
3680	1.47535101	0.000138713
3682	1.475355127	0.000133855
3684	1.47536061	0.000128953
3686	1.475366775	0.000123725
3688	1.475374222	0.000118054
3690	1.475383491	0.000112539
3692	1.475394668	0.000108763
3694	1.475406148	0.000106869
3696	1.475417668	0.000106179
3698	1.475431036	0.000108026
3700	1.475443093	0.000113499
3702	1.475451689	0.000122346
3704	1.475453966	0.000132017
3706	1.475452075	0.000138205
3708	1.475447975	0.000137813
3710	1.475447048	0.000131957
3712	1.475451897	0.000124912
3714	1.475459959	0.000120086
3716	1.475470951	0.000119369
3718	1.475480666	0.000123023
3720	1.475486979	0.000129682
3722	1.47548796	0.000136686
3724	1.475484782	0.000140356
3726	1.475479476	0.000137643
3728	1.475478633	0.000130059
3730	1.475481745	0.000121898
3732	1.475487781	0.000115279
3734	1.475494036	0.000109786
3736	1.475501254	0.0001053
3738	1.475509342	0.000101063
3740	1.475516832	9.69E-05
3742	1.475526886	9.32E-05
3744	1.475537291	9.10E-05
3746	1.475546782	8.98E-05
3748	1.475557133	8.93E-05
3750	1.475566593	8.96E-05
3752	1.475576695	9.07E-05
3754	1.475586473	9.23E-05
3756	1.475595298	9.52E-05
3758	1.4756036	9.88E-05
3760	1.475610915	0.000102898
3762	1.475616097	0.000106542
3764	1.475620291	0.000108639
3766	1.475624418	0.000107126
3768	1.475633066	0.000104745
3770	1.475644052	0.000104907
3772	1.475655523	0.000107524
3774	1.475666948	0.000112566
3776	1.475678309	0.000120129
3778	1.475687551	0.000130378
3780	1.475694636	0.000143388
3782	1.475695475	0.000157828
3784	1.475689514	0.000171337
3786	1.475678359	0.000178286
3788	1.475665939	0.000174781
3790	1.47566102	0.000164121
3792	1.47566355	0.00015261
3794	1.475671857	0.000144163
3796	1.475683213	0.000139239
3798	1.475695293	0.000137793
3800	1.475707725	0.000140105
3802	1.4757181	0.000145422
3804	1.475726484	0.000152835
3806	1.475731342	0.000161128
3808	1.47573352	0.000168582
3810	1.475732924	0.00017333
3812	1.475732993	0.000175196
3814	1.475733987	0.000174404
3816	1.475738176	0.000172977
3818	1.475745275	0.000172633
3820	1.475752771	0.000174761
3822	1.475759674	0.000179016
3824	1.475764703	0.000183475
3826	1.475769755	0.00018761
3828	1.475776986	0.000192418
3830	1.475783098	0.000199639
3832	1.475788297	0.000209346
3834	1.475790958	0.000221078
3836	1.475788399	0.000233277
3838	1.475781539	0.000243302
3840	1.475773258	0.00024822
3842	1.475766957	0.000249319
3844	1.475761815	0.000250161
3846	1.47575639	0.000251131
3848	1.475748935	0.000250954
3850	1.475740677	0.000247448
3852	1.47573419	0.000239298
3854	1.475732013	0.00022763
3856	1.475736094	0.000215807
3858	1.475743401	0.000207047
3860	1.475754065	0.000202158
3862	1.475765096	0.000202101
3864	1.475773442	0.000206089
3866	1.475777823	0.000212973
3868	1.475777044	0.00022007
3870	1.475769788	0.000223161
3872	1.475761679	0.000217701
3874	1.475759835	0.00020568
3876	1.475766159	0.000194071
3878	1.475776036	0.000186624
3880	1.475787496	0.000183261
3882	1.47579899	0.000183371
3884	1.475808298	0.000186003
3886	1.475815532	0.000190704
3888	1.475820446	0.000195753
3890	1.475823615	0.000199899
3892	1.475824887	0.000202665
3894	1.475826912	0.000204321
3896	1.475827988	0.000204971
3898	1.475830058	0.000204185
3900	1.475833336	0.00020288
3902	1.475837981	0.000202091
3904	1.475843498	0.000203201
3906	1.475848785	0.000206778
3908	1.475851041	0.00021273
3910	1.475847864	0.000215759
3912	1.475845039	0.000211571
3914	1.475847728	0.000205958
3916	1.47585513	0.000202886
3918	1.475861612	0.00020386
3920	1.475866801	0.000208044
3922	1.475868017	0.000213749
3924	1.475862852	0.000216258
3926	1.47585769	0.000210993
3928	1.475857257	0.000200361
3930	1.475865029	0.000190404
3932	1.475876388	0.000185295
3934	1.475887586	0.000184723
3936	1.475896004	0.000186124
3938	1.475903314	0.000187275
3940	1.475910608	0.000189149
3942	1.475917896	0.000191266
3944	1.475924571	0.000194824
3946	1.475930811	0.000199963
3948	1.475933986	0.000206118
3950	1.475932956	0.000211965
3952	1.475928783	0.000211772
3954	1.475926843	0.00020721
3956	1.475929862	0.000200358
3958	1.475936289	0.000194987
3960	1.475943518	0.00019141
3962	1.475951862	0.000188811
3964	1.475959113	0.000186954
3966	1.47596855	0.000184972
3968	1.475977129	0.000183219
3970	1.47598747	0.000181797
3972	1.476000044	0.000181759
3974	1.476013374	0.000184824
3976	1.476026922	0.000192623
3978	1.476034056	0.000205577
3980	1.476028174	0.000216734
3982	1.476018745	0.000209197
3984	1.476025637	0.000193026
3986	1.476043674	0.000183363
3988	1.476063276	0.000180229
3990	1.476083041	0.000181566
3992	1.476102695	0.000186255
3994	1.476122622	0.000193691
3996	1.476140785	0.000204149
3998	1.476157521	0.000217163
4000	1.476171336	0.000231948
