#nu	n	k
898.666	1.45645	0.00958376
902.523	1.45631	0.00908888
906.38	1.45222	0.00853688
910.237	1.45115	0.00798344
914.094	1.45082	0.0079708
917.95	1.45053	0.00809632
921.807	1.45026	0.00839
925.664	1.4498	0.00856512
929.521	1.44959	0.00824848
933.378	1.44976	0.00823104
937.235	1.45003	0.00844192
941.092	1.45009	0.00897344
944.949	1.44993	0.00945176
948.806	1.44964	0.0098668
952.663	1.44916	0.0100585
956.52	1.44888	0.0098612
960.377	1.44877	0.00987752
964.234	1.44868	0.0097348
968.091	1.44868	0.0096144
971.948	1.44877	0.0094676
975.804	1.44903	0.00924992
979.661	1.44943	0.00924992
983.518	1.44983	0.0092748
987.375	1.45034	0.00943368
991.232	1.45094	0.0096464
995.089	1.45165	0.0100814
998.946	1.45233	0.0108606
1002.8	1.4528	0.011959
1006.66	1.45293	0.0132826
1010.52	1.45258	0.0147379
1014.37	1.45165	0.0159643
1018.23	1.45054	0.0164327
1022.09	1.44955	0.0167181
1025.94	1.4485	0.0167983
1029.8	1.44754	0.0163765
1033.66	1.44692	0.0156532
1037.52	1.44674	0.0148226
1041.37	1.44695	0.0141885
1045.23	1.44725	0.0137426
1049.09	1.44767	0.0134539
1052.94	1.44818	0.0132167
1056.8	1.44876	0.0131372
1060.66	1.44944	0.0131707
1064.51	1.45018	0.0134246
1068.37	1.45081	0.0140043
1072.23	1.45126	0.0146434
1076.08	1.45155	0.0154083
1079.94	1.45165	0.0161227
1083.8	1.45165	0.0167206
1087.66	1.4516	0.0173126
1091.51	1.45138	0.0179873
1095.37	1.45082	0.0184437
1099.23	1.45023	0.0182773
1103.08	1.45002	0.0177127
1106.94	1.45026	0.0170319
1110.8	1.45088	0.0164068
1114.65	1.45193	0.0156457
1118.51	1.45366	0.0151316
1122.37	1.45577	0.0152001
1126.22	1.45829	0.0156091
1130.08	1.46134	0.0165546
1133.94	1.4651	0.0185177
1137.8	1.46943	0.0222101
1141.65	1.47373	0.0289751
1145.51	1.47466	0.0407015
1149.37	1.46753	0.0540783
1153.22	1.45454	0.0594347
1157.08	1.44235	0.0570854
1160.94	1.43406	0.0507401
1164.79	1.42996	0.0430564
1168.65	1.42902	0.0361458
1172.51	1.43042	0.0297156
1176.36	1.43441	0.0243978
1180.22	1.44027	0.0218038
1184.08	1.44644	0.0222627
1187.94	1.45203	0.024945
1191.79	1.45676	0.0296347
1195.65	1.46008	0.0365257
1199.51	1.46055	0.0456804
1203.36	1.4567	0.0552022
1207.22	1.44952	0.0614423
1211.08	1.44172	0.0641595
1214.93	1.43484	0.0649608
1218.79	1.42853	0.065203
1222.65	1.42231	0.0645851
1226.51	1.41622	0.0632206
1230.36	1.41026	0.0608679
1234.22	1.40479	0.0573654
1238.08	1.39984	0.0531957
1241.93	1.39572	0.0477833
1245.79	1.393	0.0416125
1249.65	1.39187	0.0353035
1253.5	1.39205	0.0298416
1257.36	1.39253	0.0251831
1261.22	1.39332	0.0203275
1265.07	1.39523	0.0151478
1268.93	1.39861	0.01093
1272.79	1.40253	0.00862624
1276.65	1.40591	0.00769936
1280.5	1.40852	0.00735648
1284.36	1.41059	0.00722472
1288.22	1.41216	0.00727752
1292.07	1.41337	0.00727344
1295.93	1.41429	0.00721008
1299.79	1.415	0.00707352
1303.64	1.4156	0.00652736
1307.5	1.41644	0.0058708
1311.36	1.41754	0.0053452
1315.21	1.41862	0.00509624
1319.07	1.41961	0.00500128
1322.93	1.42049	0.00489616
1326.79	1.42136	0.00490488
1330.64	1.42217	0.00495144
1334.5	1.42295	0.00510808
1338.36	1.4235	0.00533728
1342.21	1.42401	0.00546328
1346.07	1.4245	0.00551592
1349.93	1.42505	0.00568936
1353.78	1.42546	0.00597304
1357.64	1.42574	0.00622208
1361.5	1.42587	0.00647488
1365.35	1.42595	0.0064788
1369.21	1.42609	0.00636984
1373.07	1.42627	0.00632784
1376.93	1.4265	0.0061136
1380.78	1.42692	0.00588552
1384.64	1.42735	0.0059224
1388.5	1.42772	0.00599744
1392.35	1.42811	0.00601384
1396.21	1.42845	0.00622456
1400.07	1.42871	0.00633568
1403.92	1.42899	0.00644528
1407.78	1.42924	0.00664448
1411.64	1.42947	0.00676336
1415.49	1.42964	0.00716624
1419.35	1.42951	0.00746088
1423.21	1.42941	0.00730784
1427.07	1.42958	0.0072184
1430.92	1.42977	0.00732024
1434.78	1.42977	0.00759576
1438.64	1.42961	0.0075088
1442.49	1.42965	0.00723648
1446.35	1.42981	0.007168
1450.21	1.43004	0.00699016
1454.06	1.43034	0.00706392
1457.92	1.43035	0.00727536
1461.78	1.43047	0.006928
1465.64	1.43092	0.00687352
1469.49	1.43127	0.00719224
1473.35	1.43129	0.00755504
1477.21	1.43119	0.00756536
1481.06	1.43139	0.00736288
1484.92	1.43162	0.00773512
1488.78	1.43151	0.00801528
1492.63	1.43136	0.0079396
1496.49	1.43136	0.00783488
1500.35	1.43165	0.00756352
1504.2	1.43194	0.00804712
1508.06	1.43151	0.00847256
1511.92	1.43132	0.0078256
1515.78	1.43173	0.00765912
1519.63	1.43179	0.00805192
1523.49	1.43162	0.00791848
1527.35	1.43176	0.00753704
1531.2	1.43222	0.0074356
1535.06	1.43271	0.00767776
1538.92	1.43266	0.0084832
1542.77	1.4321	0.00852576
1546.63	1.43208	0.00789504
1550.49	1.43262	0.00774968
1554.34	1.433	0.00834304
1558.2	1.43246	0.00916744
1562.06	1.43192	0.00848104
1565.92	1.43215	0.00802656
1569.77	1.43239	0.008154
1573.63	1.43244	0.00817728
1577.49	1.4324	0.00818584
1581.34	1.43244	0.00792248
1585.2	1.43267	0.007886
1589.06	1.4328	0.0079476
1592.91	1.43294	0.00785384
1596.77	1.43307	0.00794368
1600.63	1.4332	0.00788048
1604.48	1.43341	0.00794328
1608.34	1.4336	0.00798928
1612.2	1.43388	0.0081656
1616.06	1.4339	0.00866336
1619.91	1.43373	0.00871536
1623.77	1.43359	0.00888384
1627.63	1.43355	0.0087392
1631.48	1.43365	0.00878224
1635.34	1.43339	0.00919464
1639.2	1.43314	0.0086412
1643.05	1.43347	0.00831384
1646.91	1.4339	0.00848272
1650.77	1.43384	0.00900848
1654.62	1.43342	0.00897768
1658.48	1.4335	0.00838768
1662.34	1.43385	0.00843776
1666.2	1.43409	0.0085516
1670.05	1.43421	0.00877904
1673.91	1.43415	0.00891584
1677.77	1.4343	0.00877032
1681.62	1.43437	0.0092928
1685.48	1.43401	0.00943152
1689.34	1.43399	0.00890168
1693.19	1.43444	0.00898456
1697.05	1.43436	0.0096852
1700.91	1.4338	0.00974248
1704.77	1.43356	0.0092616
1708.62	1.43379	0.008816
1712.48	1.43423	0.00882776
1716.34	1.4342	0.00939048
1720.19	1.43389	0.0090988
1724.05	1.43411	0.00864768
1727.91	1.43462	0.0087724
1731.76	1.4348	0.00925784
1735.62	1.43459	0.0095192
1739.48	1.4345	0.00936488
1743.33	1.43456	0.00940104
1747.19	1.43454	0.00959544
1751.05	1.43434	0.009654
1754.91	1.4343	0.00936744
1758.76	1.43446	0.00930144
1762.62	1.43462	0.00934304
1766.48	1.43478	0.00934552
1770.33	1.43471	0.00983328
1774.19	1.43445	0.00968656
1778.05	1.43452	0.00943992
1781.9	1.4346	0.00949232
1785.76	1.43473	0.00942624
1789.62	1.43482	0.00967232
1793.47	1.43468	0.0097256
1797.33	1.43464	0.00963024
1801.19	1.43473	0.00952968
1805.05	1.43487	0.00947432
1808.9	1.435	0.00967432
1812.76	1.43494	0.00975472
1816.62	1.43494	0.00974144
1820.47	1.43505	0.00980016
1824.33	1.43505	0.0100018
1828.19	1.43488	0.0100835
1832.04	1.43471	0.0099788
1835.9	1.43474	0.00979952
1839.76	1.43488	0.00972864
1843.61	1.43489	0.0098832
1847.47	1.43484	0.00979096
1851.33	1.43491	0.00960712
1855.19	1.43507	0.00958088
1859.04	1.4353	0.00959552
1862.9	1.43547	0.00972688
1866.76	1.43553	0.0100704
1870.61	1.43534	0.0101491
1874.47	1.43535	0.0100062
1878.33	1.43541	0.0101007
1882.18	1.43546	0.0101518
1886.04	1.43545	0.0103024
1889.9	1.43532	0.0104711
1893.75	1.43517	0.0104123
1897.61	1.4351	0.0102994
1901.47	1.43513	0.0101672
1905.33	1.43514	0.0100918
1909.18	1.43525	0.0099584
1913.04	1.43545	0.00995736
1916.9	1.43553	0.0101143
1920.75	1.43554	0.0101396
1924.61	1.43558	0.0100745
1928.47	1.43574	0.0100995
1932.32	1.43578	0.0102557
1936.18	1.43582	0.010341
1940.04	1.43585	0.0104554
1943.9	1.43582	0.0105679
1947.75	1.43574	0.0105908
1951.61	1.4357	0.0105671
1955.47	1.4357	0.0105656
1959.32	1.43576	0.0106002
1963.18	1.43578	0.0106473
1967.04	1.43572	0.0107467
1970.89	1.43564	0.0106906
1974.75	1.43561	0.0106353
1978.61	1.43556	0.0105766
1982.46	1.43564	0.0104306
1986.32	1.43575	0.0104166
1990.18	1.43588	0.0104191
1994.04	1.43596	0.0104555
1997.89	1.43605	0.0104686
2001.75	1.43613	0.0105218
2005.61	1.43625	0.0106105
2009.46	1.43629	0.0107048
2013.32	1.43631	0.0108702
2017.18	1.43624	0.0109802
2021.03	1.43612	0.0110223
2024.89	1.43607	0.0109722
2028.75	1.43607	0.0109314
2032.6	1.43611	0.010903
2036.46	1.43613	0.0109201
2040.32	1.43608	0.0109159
2044.18	1.43612	0.01078
2048.03	1.43624	0.0107474
2051.89	1.43637	0.0107388
2055.75	1.43645	0.010765
2059.6	1.43655	0.0107627
2063.46	1.4367	0.0108269
2067.32	1.43681	0.0109859
2071.17	1.43686	0.0110686
2075.03	1.4369	0.0112402
2078.89	1.43684	0.0113514
2082.74	1.43684	0.011429
2086.6	1.43678	0.0115308
2090.46	1.43671	0.0115401
2094.32	1.4367	0.0115422
2098.17	1.43667	0.0115391
2102.03	1.43667	0.0115203
2105.89	1.43665	0.0114782
2109.74	1.43671	0.0114809
2113.6	1.4368	0.0114521
2117.46	1.43688	0.0114847
2121.31	1.43688	0.0115277
2125.17	1.43697	0.0115306
2129.03	1.43697	0.0116054
2132.88	1.43709	0.0115987
2136.74	1.43711	0.0115796
2140.6	1.43731	0.0116502
2144.46	1.4374	0.0118258
2148.31	1.43739	0.0120009
2152.17	1.43741	0.0121498
2156.03	1.43733	0.0122641
2159.88	1.43727	0.0122482
2163.74	1.43725	0.012321
2167.6	1.43721	0.012401
2171.45	1.43716	0.0124548
2175.31	1.43708	0.0124709
2179.17	1.43702	0.0124042
2183.02	1.43704	0.0123294
2186.88	1.43703	0.0122587
2190.74	1.43715	0.0122406
2194.6	1.43728	0.0122222
2198.45	1.43737	0.0122375
2202.31	1.43752	0.0122629
2206.17	1.43767	0.012395
2210.02	1.4377	0.0126055
2213.88	1.43775	0.0127371
2217.74	1.43777	0.0129057
2221.59	1.4377	0.0130407
2225.45	1.43763	0.0132125
2229.31	1.43744	0.0133158
2233.17	1.43735	0.0132776
2237.02	1.43727	0.0132582
2240.88	1.43726	0.0132736
2244.74	1.43714	0.0132252
2248.59	1.43717	0.0130951
2252.45	1.43726	0.0130719
2256.31	1.4373	0.013067
2260.16	1.43741	0.0130501
2264.02	1.43751	0.0131008
2267.88	1.43762	0.0132295
2271.73	1.4376	0.0133439
2275.59	1.43761	0.0133714
2279.45	1.43764	0.0134734
2283.31	1.43772	0.0135977
2287.16	1.43764	0.0138165
2291.02	1.43744	0.013947
2294.88	1.43725	0.0139136
2298.73	1.43715	0.0138193
2302.59	1.43712	0.0136647
2306.45	1.43713	0.0135833
2310.3	1.43719	0.0133955
2314.16	1.43743	0.0133906
2318.02	1.43753	0.0135477
2321.87	1.43756	0.013496
2325.73	1.43769	0.0135263
2329.59	1.4378	0.0137143
2333.45	1.43772	0.0137604
2337.3	1.43784	0.0137384
2341.16	1.43775	0.014185
2345.02	1.43749	0.0137733
2348.87	1.438	0.013191
2352.73	1.43868	0.0136737
2356.59	1.4389	0.0143961
2360.44	1.43871	0.0150154
2364.3	1.43838	0.0154669
2368.16	1.43781	0.0157069
2372.01	1.43723	0.015708
2375.87	1.43679	0.015261
2379.73	1.43671	0.0148996
2383.59	1.43676	0.0146017
2387.44	1.43691	0.0144191
2391.3	1.43705	0.0143135
2395.16	1.43725	0.014257
2399.01	1.43734	0.0142837
2402.87	1.43743	0.0142886
2406.73	1.43761	0.0143012
2410.58	1.43777	0.0144146
2414.44	1.43783	0.0146149
2418.3	1.43785	0.0147826
2422.15	1.4378	0.0149215
2426.01	1.43769	0.015029
2429.87	1.43763	0.0150815
2433.73	1.43754	0.0150913
2437.58	1.43748	0.0151026
2441.44	1.43743	0.0151154
2445.3	1.43739	0.0150839
2449.15	1.43734	0.0150694
2453.01	1.4373	0.0149938
2456.87	1.43735	0.0149267
2460.72	1.43741	0.0148906
2464.58	1.43741	0.0148299
2468.44	1.43758	0.014807
2472.29	1.43771	0.0148624
2476.15	1.43773	0.014915
2480.01	1.43783	0.01495
2483.87	1.43788	0.0150971
2487.72	1.4379	0.0151925
2491.58	1.43793	0.015273
2495.44	1.43786	0.0153879
2499.29	1.43789	0.0154566
2503.15	1.43777	0.0155789
2507.01	1.43768	0.0156026
2510.86	1.43759	0.0155746
2514.72	1.43756	0.015566
2518.58	1.43747	0.0155218
2522.44	1.43745	0.0154122
2526.29	1.4374	0.0152551
2530.15	1.43756	0.0151166
2534.01	1.43767	0.0150406
2537.86	1.43791	0.0150451
2541.72	1.43811	0.0150786
2545.58	1.43826	0.0152417
2549.43	1.43836	0.0154326
2553.29	1.43831	0.0155717
2557.15	1.43829	0.0156298
2561	1.43836	0.0156784
2564.86	1.43839	0.0159134
2568.72	1.43826	0.0160473
2572.58	1.43811	0.0160585
2576.43	1.43804	0.0159945
2580.29	1.43804	0.0159286
2584.15	1.43806	0.0159235
2588	1.43806	0.0158598
2591.86	1.43809	0.0158445
2595.72	1.43812	0.0157886
2599.57	1.43819	0.0157209
2603.43	1.43829	0.0156753
2607.29	1.43845	0.0156818
2611.14	1.4386	0.0157334
2615	1.43876	0.0158004
2618.86	1.43884	0.015966
2622.72	1.43893	0.016073
2626.57	1.43896	0.0162658
2630.43	1.43892	0.0164602
2634.29	1.43881	0.0165366
2638.14	1.43875	0.0165854
2642	1.43871	0.0165488
2645.86	1.4387	0.0165359
2649.71	1.4387	0.0165694
2653.57	1.43864	0.0165665
2657.43	1.43861	0.0163679
2661.28	1.43882	0.0162378
2665.14	1.439	0.0163046
2669	1.43905	0.0163272
2672.86	1.43918	0.0163604
2676.71	1.43937	0.0163522
2680.57	1.43956	0.0164314
2684.43	1.43973	0.0166156
2688.28	1.4398	0.0168526
2692.14	1.43976	0.0170632
2696	1.43969	0.0170571
2699.85	1.43976	0.0170903
2703.71	1.43992	0.0172391
2707.57	1.43993	0.0174042
2711.43	1.43981	0.0175987
2715.28	1.43961	0.0176357
2719.14	1.43963	0.017476
2723	1.43972	0.0173922
2726.85	1.43979	0.0174182
2730.71	1.4399	0.0174154
2734.57	1.44004	0.0174363
2738.42	1.44019	0.0175206
2742.28	1.44026	0.0175865
2746.14	1.44038	0.017595
2749.99	1.4406	0.0176916
2753.85	1.44073	0.0178879
2757.71	1.44084	0.0181158
2761.57	1.44089	0.0182923
2765.42	1.44085	0.0184601
2769.28	1.4409	0.0186528
2773.14	1.44084	0.0187157
2776.99	1.44088	0.0188476
2780.85	1.4408	0.0189662
2784.71	1.44079	0.018963
2788.56	1.44078	0.0190226
2792.42	1.44086	0.0190642
2796.28	1.44086	0.0190752
2800.13	1.44095	0.0190198
2803.99	1.44119	0.0190088
2807.85	1.44135	0.0191519
2811.71	1.44159	0.0193885
2815.56	1.44165	0.0196023
2819.42	1.44171	0.0197702
2823.28	1.44182	0.0199962
2827.13	1.44184	0.0202353
2830.99	1.44176	0.0204493
2834.85	1.44174	0.0205133
2838.7	1.44181	0.0206196
2842.56	1.44187	0.0208939
2846.42	1.44182	0.0210803
2850.27	1.44178	0.0212109
2854.13	1.4417	0.0213187
2857.99	1.44173	0.0214307
2861.85	1.44162	0.0215004
2865.7	1.44174	0.0215455
2869.56	1.44173	0.0216245
2873.42	1.44187	0.0216745
2877.27	1.44198	0.0217744
2881.13	1.44208	0.0219539
2884.99	1.44219	0.0221772
2888.84	1.44224	0.0223802
2892.7	1.44232	0.02258
2896.56	1.44238	0.0228485
2900.41	1.4423	0.0231524
2904.27	1.44221	0.0233552
2908.13	1.4422	0.0234814
2911.99	1.44217	0.0236257
2915.84	1.4422	0.0237874
2919.7	1.4422	0.0240624
2923.56	1.44206	0.0243133
2927.41	1.44192	0.0243873
2931.27	1.44198	0.0243909
2935.13	1.44204	0.0246027
2938.98	1.44202	0.0248052
2942.84	1.44211	0.0247957
2946.7	1.44243	0.0250375
2950.55	1.44268	0.0255975
2954.41	1.44263	0.0264707
2958.27	1.44203	0.0273266
2962.13	1.44114	0.0276765
2965.98	1.44025	0.0274483
2969.84	1.43986	0.0268602
2973.7	1.43985	0.0264762
2977.55	1.43992	0.0262054
2981.41	1.44007	0.0261064
2985.27	1.44017	0.0262314
2989.12	1.44015	0.0262465
2992.98	1.44017	0.026201
2996.84	1.44031	0.0262088
3000.7	1.44039	0.0263514
3004.55	1.44039	0.0264222
3008.41	1.44049	0.0264527
3012.27	1.44059	0.026531
3016.12	1.44075	0.0267178
3019.98	1.44081	0.026991
3023.84	1.44084	0.0271514
3027.69	1.44085	0.027449
3031.55	1.44075	0.0277373
3035.41	1.44059	0.0279199
3039.26	1.44049	0.0279652
3043.12	1.44052	0.0280378
3046.98	1.44054	0.0283796
3050.84	1.44035	0.0285471
3054.69	1.4402	0.0286752
3058.55	1.44005	0.0288298
3062.41	1.43988	0.0287964
3066.26	1.43984	0.0287126
3070.12	1.43991	0.0286894
3073.98	1.43998	0.0287583
3077.83	1.44007	0.0288626
3081.69	1.44022	0.0290316
3085.55	1.44027	0.0292302
3089.4	1.44033	0.0295178
3093.26	1.44034	0.0298005
3097.12	1.44025	0.0300819
3100.98	1.44013	0.0303574
3104.83	1.44005	0.0305574
3108.69	1.43982	0.030847
3112.55	1.43955	0.0309273
3116.4	1.43945	0.0308171
3120.26	1.43954	0.0309351
3124.12	1.43947	0.0312195
3127.97	1.43933	0.0314166
3131.83	1.43912	0.0315262
3135.69	1.43893	0.0314853
3139.54	1.43896	0.031313
3143.4	1.43913	0.0314438
3147.26	1.43916	0.0317043
3151.12	1.43912	0.0318726
3154.97	1.43906	0.0320275
3158.83	1.43904	0.0321611
3162.69	1.43901	0.032341
3166.54	1.43901	0.0325346
3170.4	1.43899	0.0326952
3174.26	1.43898	0.0329019
3178.11	1.43899	0.0332526
3181.97	1.43871	0.0335789
3185.83	1.43837	0.03374
3189.68	1.43826	0.0335541
3193.54	1.43837	0.0335314
3197.4	1.43846	0.0339666
3201.26	1.4382	0.0341394
3205.11	1.4381	0.0342918
3208.97	1.43798	0.0343742
3212.83	1.43799	0.0343806
3216.68	1.438	0.0346578
3220.54	1.438	0.0348972
3224.4	1.43783	0.0351445
3228.25	1.4377	0.0353099
3232.11	1.43763	0.0354488
3235.97	1.43753	0.0356317
3239.82	1.4375	0.03585
3243.68	1.43735	0.0361094
3247.54	1.43716	0.0363406
3251.4	1.43691	0.0365185
3255.25	1.43672	0.0364836
3259.11	1.43669	0.0366383
3262.97	1.43647	0.0368095
3266.82	1.43635	0.0367498
3270.68	1.43634	0.036792
3274.54	1.4364	0.0369038
3278.39	1.43641	0.0370885
3282.25	1.43643	0.0373966
3286.11	1.43626	0.037713
3289.97	1.43609	0.0378058
3293.82	1.43604	0.0379191
3297.68	1.43604	0.0381209
3301.54	1.43598	0.0382846
3305.39	1.43604	0.0386587
3309.25	1.43579	0.0391452
3313.11	1.43547	0.039376
3316.96	1.43524	0.0393823
3320.82	1.43513	0.0395513
3324.68	1.435	0.0398004
3328.53	1.43477	0.0401215
3332.39	1.43441	0.0403067
3336.25	1.43409	0.040246
3340.11	1.434	0.0402368
3343.96	1.43392	0.0401726
3347.82	1.43396	0.0402305
3351.68	1.43411	0.040389
3355.53	1.43424	0.0407766
3359.39	1.43407	0.0413566
3363.25	1.43367	0.0416856
3367.1	1.4334	0.0416956
3370.96	1.43334	0.041813
3374.82	1.43318	0.0422339
3378.67	1.43288	0.0423829
3382.53	1.4327	0.042617
3386.39	1.43245	0.0427376
3390.25	1.43235	0.0428688
3394.1	1.43198	0.0433086
3397.96	1.43164	0.0431234
3401.82	1.43165	0.0430714
3405.67	1.43168	0.0434155
3409.53	1.43148	0.0436807
3413.39	1.43136	0.0438359
3417.24	1.43126	0.0441355
3421.1	1.43095	0.0446006
3424.96	1.43052	0.0446965
3428.81	1.43027	0.0447978
3432.67	1.43013	0.0448462
3436.53	1.43002	0.0449981
3440.39	1.42988	0.0453558
3444.24	1.42954	0.0457121
3448.1	1.42916	0.045839
3451.96	1.42889	0.0458574
3455.81	1.42867	0.0461697
3459.67	1.42834	0.0462317
3463.53	1.42799	0.0463298
3467.38	1.42776	0.0462697
3471.24	1.42774	0.0463366
3475.1	1.4275	0.046571
3478.96	1.4274	0.0465016
3482.81	1.42737	0.0469175
3486.67	1.42707	0.0471308
3490.53	1.42692	0.0472842
3494.38	1.42672	0.04745
3498.24	1.42668	0.0476968
3502.1	1.42641	0.0482621
3505.95	1.42586	0.0485219
3509.81	1.42529	0.0485838
3513.67	1.42507	0.0480953
3517.52	1.42553	0.0482479
3521.38	1.42538	0.0492436
3525.24	1.42462	0.0499415
3529.1	1.42363	0.0498074
3532.95	1.42321	0.0491674
3536.81	1.42339	0.0487461
3540.67	1.42392	0.0487809
3544.52	1.424	0.050064
3548.38	1.42306	0.0503334
3552.24	1.4227	0.0498415
3556.09	1.42298	0.0494673
3559.95	1.4244	0.0495578
3563.81	1.42433	0.0530433
3567.66	1.42145	0.0544212
3571.52	1.41966	0.0522634
3575.38	1.41981	0.0510141
3579.24	1.42107	0.0502189
3583.09	1.4222	0.0518066
3586.95	1.42112	0.0543877
3590.81	1.41932	0.0539125
3594.66	1.41855	0.053285
3598.52	1.4182	0.0527294
3602.38	1.41913	0.0513698
3606.23	1.42048	0.0529876
3610.09	1.42012	0.0549326
3613.95	1.419	0.0559207
3617.8	1.41725	0.0566609
3621.66	1.41767	0.0542005
3625.52	1.41897	0.0574755
3629.38	1.41496	0.0620043
3633.23	1.4105	0.0576971
3637.09	1.41094	0.053463
3640.95	1.4152	0.0508198
3644.8	1.41952	0.0554458
3648.66	1.41624	0.0641037
3652.52	1.40946	0.062633
3656.37	1.40631	0.0586637
3660.23	1.40696	0.0535098
3664.09	1.41178	0.0509808
3667.94	1.41655	0.0550451
3671.8	1.41565	0.0629919
3675.66	1.40821	0.0670302
3679.52	1.4036	0.0599183
3683.37	1.40712	0.0560045
3687.23	1.40816	0.0620825
3691.09	1.40348	0.0631336
3694.94	1.40149	0.0584266
3698.8	1.40249	0.057223
3702.66	1.404	0.0564006
3706.51	1.40592	0.0577809
3710.37	1.40379	0.0630091
3714.23	1.39953	0.0609168
3718.08	1.39966	0.0569462
3721.94	1.4007	0.0575896
3725.8	1.4019	0.0559146
3729.66	1.40487	0.0570432
3733.51	1.40435	0.0627614
3737.37	1.40234	0.0620088
3741.23	1.40443	0.0620071
3745.08	1.40518	0.0692754
3748.94	1.39843	0.0769822
3752.8	1.3893	0.0753614
3756.65	1.38464	0.0695522
3760.51	1.38422	0.0658346
3764.37	1.3847	0.0644466
3768.23	1.38345	0.0654769
3772.08	1.38159	0.0635818
3775.94	1.38146	0.0618838
3779.8	1.38056	0.0630106
3783.65	1.37823	0.0618853
3787.51	1.37715	0.059389
3791.37	1.37842	0.0565437
3795.22	1.38161	0.0570869
3799.08	1.38239	0.0623627
3802.94	1.37763	0.0674607
3806.79	1.3712	0.0659587
3810.65	1.37	0.0602583
3814.51	1.37239	0.0612827
3818.37	1.36985	0.0677002
3822.22	1.36224	0.0689176
3826.08	1.35674	0.0641256
3829.94	1.35634	0.0604
3833.79	1.35586	0.0633554
3837.65	1.34878	0.0695771
3841.51	1.33543	0.0694767
3845.36	1.3241	0.060642
3849.22	1.30038	0.0606829
3853.08	1.30121	0.0729197
